lag_1,lag_2,lag_3,lag_4,lag_5,lag_6,lag_7,lag_8,lag_9,lag_10,lag_11,lag_12,lag_13,lag_14,lag_15,lag_16,lag_17,lag_18,lag_19,lag_20,lag_21,lag_22,lag_23,lag_24,lag_25,lag_26,lag_27,lag_28,lag_29,day_Friday,day_Monday,day_Saturday,day_Sunday,day_Thursday,day_Tuesday,day_Wednesday,AQI,current_date,current_month
10.0,63.0,23.0,42.0,16.0,35.0,57.0,67.0,38.0,57.0,19.0,53.0,17.0,30.0,40.0,11.0,17.0,25.0,41.0,10.0,56.0,39.0,38.0,61.0,13.0,8.0,35.0,22.0,19,0,1,0,0,0,0,0,19,28,3
63.0,23.0,42.0,16.0,35.0,57.0,67.0,38.0,57.0,19.0,53.0,17.0,30.0,40.0,11.0,17.0,25.0,41.0,10.0,56.0,39.0,38.0,61.0,13.0,8.0,35.0,22.0,19.0,40,0,0,0,0,1,0,0,40,31,3
23.0,42.0,16.0,35.0,57.0,67.0,38.0,57.0,19.0,53.0,17.0,30.0,40.0,11.0,17.0,25.0,41.0,10.0,56.0,39.0,38.0,61.0,13.0,8.0,35.0,22.0,19.0,40.0,37,1,0,0,0,0,0,0,37,1,4
42.0,16.0,35.0,57.0,67.0,38.0,57.0,19.0,53.0,17.0,30.0,40.0,11.0,17.0,25.0,41.0,10.0,56.0,39.0,38.0,61.0,13.0,8.0,35.0,22.0,19.0,40.0,37.0,35,0,0,1,0,0,0,0,35,2,4
16.0,35.0,57.0,67.0,38.0,57.0,19.0,53.0,17.0,30.0,40.0,11.0,17.0,25.0,41.0,10.0,56.0,39.0,38.0,61.0,13.0,8.0,35.0,22.0,19.0,40.0,37.0,35.0,37,0,0,0,1,0,0,0,37,3,4
35.0,57.0,67.0,38.0,57.0,19.0,53.0,17.0,30.0,40.0,11.0,17.0,25.0,41.0,10.0,56.0,39.0,38.0,61.0,13.0,8.0,35.0,22.0,19.0,40.0,37.0,35.0,37.0,36,0,1,0,0,0,0,0,36,4,4
57.0,67.0,38.0,57.0,19.0,53.0,17.0,30.0,40.0,11.0,17.0,25.0,41.0,10.0,56.0,39.0,38.0,61.0,13.0,8.0,35.0,22.0,19.0,40.0,37.0,35.0,37.0,36.0,36,0,0,0,0,0,1,0,36,5,4
67.0,38.0,57.0,19.0,53.0,17.0,30.0,40.0,11.0,17.0,25.0,41.0,10.0,56.0,39.0,38.0,61.0,13.0,8.0,35.0,22.0,19.0,40.0,37.0,35.0,37.0,36.0,36.0,32,0,0,0,0,0,0,1,32,6,4
38.0,57.0,19.0,53.0,17.0,30.0,40.0,11.0,17.0,25.0,41.0,10.0,56.0,39.0,38.0,61.0,13.0,8.0,35.0,22.0,19.0,40.0,37.0,35.0,37.0,36.0,36.0,32.0,36,0,0,0,0,1,0,0,36,7,4
57.0,19.0,53.0,17.0,30.0,40.0,11.0,17.0,25.0,41.0,10.0,56.0,39.0,38.0,61.0,13.0,8.0,35.0,22.0,19.0,40.0,37.0,35.0,37.0,36.0,36.0,32.0,36.0,40,1,0,0,0,0,0,0,40,8,4
19.0,53.0,17.0,30.0,40.0,11.0,17.0,25.0,41.0,10.0,56.0,39.0,38.0,61.0,13.0,8.0,35.0,22.0,19.0,40.0,37.0,35.0,37.0,36.0,36.0,32.0,36.0,40.0,38,0,0,1,0,0,0,0,38,9,4
53.0,17.0,30.0,40.0,11.0,17.0,25.0,41.0,10.0,56.0,39.0,38.0,61.0,13.0,8.0,35.0,22.0,19.0,40.0,37.0,35.0,37.0,36.0,36.0,32.0,36.0,40.0,38.0,31,0,0,0,1,0,0,0,31,10,4
17.0,30.0,40.0,11.0,17.0,25.0,41.0,10.0,56.0,39.0,38.0,61.0,13.0,8.0,35.0,22.0,19.0,40.0,37.0,35.0,37.0,36.0,36.0,32.0,36.0,40.0,38.0,31.0,35,0,1,0,0,0,0,0,35,11,4
30.0,40.0,11.0,17.0,25.0,41.0,10.0,56.0,39.0,38.0,61.0,13.0,8.0,35.0,22.0,19.0,40.0,37.0,35.0,37.0,36.0,36.0,32.0,36.0,40.0,38.0,31.0,35.0,37,0,0,0,0,0,1,0,37,12,4
40.0,11.0,17.0,25.0,41.0,10.0,56.0,39.0,38.0,61.0,13.0,8.0,35.0,22.0,19.0,40.0,37.0,35.0,37.0,36.0,36.0,32.0,36.0,40.0,38.0,31.0,35.0,37.0,37,0,0,0,0,0,0,1,37,13,4
11.0,17.0,25.0,41.0,10.0,56.0,39.0,38.0,61.0,13.0,8.0,35.0,22.0,19.0,40.0,37.0,35.0,37.0,36.0,36.0,32.0,36.0,40.0,38.0,31.0,35.0,37.0,37.0,43,0,0,0,0,1,0,0,43,14,4
17.0,25.0,41.0,10.0,56.0,39.0,38.0,61.0,13.0,8.0,35.0,22.0,19.0,40.0,37.0,35.0,37.0,36.0,36.0,32.0,36.0,40.0,38.0,31.0,35.0,37.0,37.0,43.0,58,1,0,0,0,0,0,0,58,15,4
25.0,41.0,10.0,56.0,39.0,38.0,61.0,13.0,8.0,35.0,22.0,19.0,40.0,37.0,35.0,37.0,36.0,36.0,32.0,36.0,40.0,38.0,31.0,35.0,37.0,37.0,43.0,58.0,80,0,0,1,0,0,0,0,80,16,4
41.0,10.0,56.0,39.0,38.0,61.0,13.0,8.0,35.0,22.0,19.0,40.0,37.0,35.0,37.0,36.0,36.0,32.0,36.0,40.0,38.0,31.0,35.0,37.0,37.0,43.0,58.0,80.0,101,0,0,0,1,0,0,0,101,17,4
10.0,56.0,39.0,38.0,61.0,13.0,8.0,35.0,22.0,19.0,40.0,37.0,35.0,37.0,36.0,36.0,32.0,36.0,40.0,38.0,31.0,35.0,37.0,37.0,43.0,58.0,80.0,101.0,115,0,1,0,0,0,0,0,115,18,4
56.0,39.0,38.0,61.0,13.0,8.0,35.0,22.0,19.0,40.0,37.0,35.0,37.0,36.0,36.0,32.0,36.0,40.0,38.0,31.0,35.0,37.0,37.0,43.0,58.0,80.0,101.0,115.0,42,0,0,0,0,0,1,0,42,19,4
39.0,38.0,61.0,13.0,8.0,35.0,22.0,19.0,40.0,37.0,35.0,37.0,36.0,36.0,32.0,36.0,40.0,38.0,31.0,35.0,37.0,37.0,43.0,58.0,80.0,101.0,115.0,42.0,44,0,0,0,0,0,0,1,44,20,4
38.0,61.0,13.0,8.0,35.0,22.0,19.0,40.0,37.0,35.0,37.0,36.0,36.0,32.0,36.0,40.0,38.0,31.0,35.0,37.0,37.0,43.0,58.0,80.0,101.0,115.0,42.0,44.0,34,0,0,0,0,1,0,0,34,21,4
61.0,13.0,8.0,35.0,22.0,19.0,40.0,37.0,35.0,37.0,36.0,36.0,32.0,36.0,40.0,38.0,31.0,35.0,37.0,37.0,43.0,58.0,80.0,101.0,115.0,42.0,44.0,34.0,30,1,0,0,0,0,0,0,30,22,4
13.0,8.0,35.0,22.0,19.0,40.0,37.0,35.0,37.0,36.0,36.0,32.0,36.0,40.0,38.0,31.0,35.0,37.0,37.0,43.0,58.0,80.0,101.0,115.0,42.0,44.0,34.0,30.0,42,0,0,1,0,0,0,0,42,23,4
8.0,35.0,22.0,19.0,40.0,37.0,35.0,37.0,36.0,36.0,32.0,36.0,40.0,38.0,31.0,35.0,37.0,37.0,43.0,58.0,80.0,101.0,115.0,42.0,44.0,34.0,30.0,42.0,44,0,0,0,1,0,0,0,44,24,4
35.0,22.0,19.0,40.0,37.0,35.0,37.0,36.0,36.0,32.0,36.0,40.0,38.0,31.0,35.0,37.0,37.0,43.0,58.0,80.0,101.0,115.0,42.0,44.0,34.0,30.0,42.0,44.0,39,0,1,0,0,0,0,0,39,25,4
22.0,19.0,40.0,37.0,35.0,37.0,36.0,36.0,32.0,36.0,40.0,38.0,31.0,35.0,37.0,37.0,43.0,58.0,80.0,101.0,115.0,42.0,44.0,34.0,30.0,42.0,44.0,39.0,31,0,0,0,0,0,1,0,31,26,4
19.0,40.0,37.0,35.0,37.0,36.0,36.0,32.0,36.0,40.0,38.0,31.0,35.0,37.0,37.0,43.0,58.0,80.0,101.0,115.0,42.0,44.0,34.0,30.0,42.0,44.0,39.0,31.0,40,0,0,0,0,0,0,1,40,27,4
40.0,37.0,35.0,37.0,36.0,36.0,32.0,36.0,40.0,38.0,31.0,35.0,37.0,37.0,43.0,58.0,80.0,101.0,115.0,42.0,44.0,34.0,30.0,42.0,44.0,39.0,31.0,40.0,30,0,0,0,0,1,0,0,30,28,4
37.0,35.0,37.0,36.0,36.0,32.0,36.0,40.0,38.0,31.0,35.0,37.0,37.0,43.0,58.0,80.0,101.0,115.0,42.0,44.0,34.0,30.0,42.0,44.0,39.0,31.0,40.0,30.0,34,1,0,0,0,0,0,0,34,29,4
35.0,37.0,36.0,36.0,32.0,36.0,40.0,38.0,31.0,35.0,37.0,37.0,43.0,58.0,80.0,101.0,115.0,42.0,44.0,34.0,30.0,42.0,44.0,39.0,31.0,40.0,30.0,34.0,38,0,0,1,0,0,0,0,38,30,4
37.0,36.0,36.0,32.0,36.0,40.0,38.0,31.0,35.0,37.0,37.0,43.0,58.0,80.0,101.0,115.0,42.0,44.0,34.0,30.0,42.0,44.0,39.0,31.0,40.0,30.0,34.0,38.0,29,0,0,0,1,0,0,0,29,1,5
36.0,36.0,32.0,36.0,40.0,38.0,31.0,35.0,37.0,37.0,43.0,58.0,80.0,101.0,115.0,42.0,44.0,34.0,30.0,42.0,44.0,39.0,31.0,40.0,30.0,34.0,38.0,29.0,31,0,1,0,0,0,0,0,31,2,5
36.0,32.0,36.0,40.0,38.0,31.0,35.0,37.0,37.0,43.0,58.0,80.0,101.0,115.0,42.0,44.0,34.0,30.0,42.0,44.0,39.0,31.0,40.0,30.0,34.0,38.0,29.0,31.0,38,0,0,0,0,0,1,0,38,3,5
32.0,36.0,40.0,38.0,31.0,35.0,37.0,37.0,43.0,58.0,80.0,101.0,115.0,42.0,44.0,34.0,30.0,42.0,44.0,39.0,31.0,40.0,30.0,34.0,38.0,29.0,31.0,38.0,31,0,0,0,0,0,0,1,31,4,5
36.0,40.0,38.0,31.0,35.0,37.0,37.0,43.0,58.0,80.0,101.0,115.0,42.0,44.0,34.0,30.0,42.0,44.0,39.0,31.0,40.0,30.0,34.0,38.0,29.0,31.0,38.0,31.0,39,0,0,0,0,1,0,0,39,5,5
40.0,38.0,31.0,35.0,37.0,37.0,43.0,58.0,80.0,101.0,115.0,42.0,44.0,34.0,30.0,42.0,44.0,39.0,31.0,40.0,30.0,34.0,38.0,29.0,31.0,38.0,31.0,39.0,51,1,0,0,0,0,0,0,51,6,5
38.0,31.0,35.0,37.0,37.0,43.0,58.0,80.0,101.0,115.0,42.0,44.0,34.0,30.0,42.0,44.0,39.0,31.0,40.0,30.0,34.0,38.0,29.0,31.0,38.0,31.0,39.0,51.0,44,0,0,1,0,0,0,0,44,7,5
31.0,35.0,37.0,37.0,43.0,58.0,80.0,101.0,115.0,42.0,44.0,34.0,30.0,42.0,44.0,39.0,31.0,40.0,30.0,34.0,38.0,29.0,31.0,38.0,31.0,39.0,51.0,44.0,43,0,0,0,1,0,0,0,43,8,5
35.0,37.0,37.0,43.0,58.0,80.0,101.0,115.0,42.0,44.0,34.0,30.0,42.0,44.0,39.0,31.0,40.0,30.0,34.0,38.0,29.0,31.0,38.0,31.0,39.0,51.0,44.0,43.0,40,0,1,0,0,0,0,0,40,9,5
37.0,37.0,43.0,58.0,80.0,101.0,115.0,42.0,44.0,34.0,30.0,42.0,44.0,39.0,31.0,40.0,30.0,34.0,38.0,29.0,31.0,38.0,31.0,39.0,51.0,44.0,43.0,40.0,34,0,0,0,0,0,1,0,34,10,5
37.0,43.0,58.0,80.0,101.0,115.0,42.0,44.0,34.0,30.0,42.0,44.0,39.0,31.0,40.0,30.0,34.0,38.0,29.0,31.0,38.0,31.0,39.0,51.0,44.0,43.0,40.0,34.0,36,0,0,0,0,0,0,1,36,11,5
43.0,58.0,80.0,101.0,115.0,42.0,44.0,34.0,30.0,42.0,44.0,39.0,31.0,40.0,30.0,34.0,38.0,29.0,31.0,38.0,31.0,39.0,51.0,44.0,43.0,40.0,34.0,36.0,54,0,0,0,0,1,0,0,54,12,5
58.0,80.0,101.0,115.0,42.0,44.0,34.0,30.0,42.0,44.0,39.0,31.0,40.0,30.0,34.0,38.0,29.0,31.0,38.0,31.0,39.0,51.0,44.0,43.0,40.0,34.0,36.0,54.0,35,1,0,0,0,0,0,0,35,13,5
80.0,101.0,115.0,42.0,44.0,34.0,30.0,42.0,44.0,39.0,31.0,40.0,30.0,34.0,38.0,29.0,31.0,38.0,31.0,39.0,51.0,44.0,43.0,40.0,34.0,36.0,54.0,35.0,29,0,0,1,0,0,0,0,29,14,5
101.0,115.0,42.0,44.0,34.0,30.0,42.0,44.0,39.0,31.0,40.0,30.0,34.0,38.0,29.0,31.0,38.0,31.0,39.0,51.0,44.0,43.0,40.0,34.0,36.0,54.0,35.0,29.0,36,0,0,0,1,0,0,0,36,15,5
115.0,42.0,44.0,34.0,30.0,42.0,44.0,39.0,31.0,40.0,30.0,34.0,38.0,29.0,31.0,38.0,31.0,39.0,51.0,44.0,43.0,40.0,34.0,36.0,54.0,35.0,29.0,36.0,44,0,1,0,0,0,0,0,44,16,5
42.0,44.0,34.0,30.0,42.0,44.0,39.0,31.0,40.0,30.0,34.0,38.0,29.0,31.0,38.0,31.0,39.0,51.0,44.0,43.0,40.0,34.0,36.0,54.0,35.0,29.0,36.0,44.0,39,0,0,0,0,0,1,0,39,17,5
44.0,34.0,30.0,42.0,44.0,39.0,31.0,40.0,30.0,34.0,38.0,29.0,31.0,38.0,31.0,39.0,51.0,44.0,43.0,40.0,34.0,36.0,54.0,35.0,29.0,36.0,44.0,39.0,38,0,0,0,0,0,0,1,38,18,5
34.0,30.0,42.0,44.0,39.0,31.0,40.0,30.0,34.0,38.0,29.0,31.0,38.0,31.0,39.0,51.0,44.0,43.0,40.0,34.0,36.0,54.0,35.0,29.0,36.0,44.0,39.0,38.0,45,0,0,0,0,1,0,0,45,19,5
30.0,42.0,44.0,39.0,31.0,40.0,30.0,34.0,38.0,29.0,31.0,38.0,31.0,39.0,51.0,44.0,43.0,40.0,34.0,36.0,54.0,35.0,29.0,36.0,44.0,39.0,38.0,45.0,51,1,0,0,0,0,0,0,51,20,5
42.0,44.0,39.0,31.0,40.0,30.0,34.0,38.0,29.0,31.0,38.0,31.0,39.0,51.0,44.0,43.0,40.0,34.0,36.0,54.0,35.0,29.0,36.0,44.0,39.0,38.0,45.0,51.0,49,0,0,1,0,0,0,0,49,21,5
44.0,39.0,31.0,40.0,30.0,34.0,38.0,29.0,31.0,38.0,31.0,39.0,51.0,44.0,43.0,40.0,34.0,36.0,54.0,35.0,29.0,36.0,44.0,39.0,38.0,45.0,51.0,49.0,48,0,0,0,1,0,0,0,48,22,5
39.0,31.0,40.0,30.0,34.0,38.0,29.0,31.0,38.0,31.0,39.0,51.0,44.0,43.0,40.0,34.0,36.0,54.0,35.0,29.0,36.0,44.0,39.0,38.0,45.0,51.0,49.0,48.0,80,0,1,0,0,0,0,0,80,23,5
31.0,40.0,30.0,34.0,38.0,29.0,31.0,38.0,31.0,39.0,51.0,44.0,43.0,40.0,34.0,36.0,54.0,35.0,29.0,36.0,44.0,39.0,38.0,45.0,51.0,49.0,48.0,80.0,126,0,0,0,0,0,1,0,126,24,5
40.0,30.0,34.0,38.0,29.0,31.0,38.0,31.0,39.0,51.0,44.0,43.0,40.0,34.0,36.0,54.0,35.0,29.0,36.0,44.0,39.0,38.0,45.0,51.0,49.0,48.0,80.0,126.0,100,0,0,0,0,0,0,1,100,25,5
30.0,34.0,38.0,29.0,31.0,38.0,31.0,39.0,51.0,44.0,43.0,40.0,34.0,36.0,54.0,35.0,29.0,36.0,44.0,39.0,38.0,45.0,51.0,49.0,48.0,80.0,126.0,100.0,54,0,0,0,0,1,0,0,54,26,5
34.0,38.0,29.0,31.0,38.0,31.0,39.0,51.0,44.0,43.0,40.0,34.0,36.0,54.0,35.0,29.0,36.0,44.0,39.0,38.0,45.0,51.0,49.0,48.0,80.0,126.0,100.0,54.0,80,1,0,0,0,0,0,0,80,27,5
38.0,29.0,31.0,38.0,31.0,39.0,51.0,44.0,43.0,40.0,34.0,36.0,54.0,35.0,29.0,36.0,44.0,39.0,38.0,45.0,51.0,49.0,48.0,80.0,126.0,100.0,54.0,80.0,58,0,0,1,0,0,0,0,58,28,5
29.0,31.0,38.0,31.0,39.0,51.0,44.0,43.0,40.0,34.0,36.0,54.0,35.0,29.0,36.0,44.0,39.0,38.0,45.0,51.0,49.0,48.0,80.0,126.0,100.0,54.0,80.0,58.0,54,0,0,0,1,0,0,0,54,29,5
31.0,38.0,31.0,39.0,51.0,44.0,43.0,40.0,34.0,36.0,54.0,35.0,29.0,36.0,44.0,39.0,38.0,45.0,51.0,49.0,48.0,80.0,126.0,100.0,54.0,80.0,58.0,54.0,51,0,1,0,0,0,0,0,51,30,5
38.0,31.0,39.0,51.0,44.0,43.0,40.0,34.0,36.0,54.0,35.0,29.0,36.0,44.0,39.0,38.0,45.0,51.0,49.0,48.0,80.0,126.0,100.0,54.0,80.0,58.0,54.0,51.0,58,0,0,0,0,0,1,0,58,31,5
31.0,39.0,51.0,44.0,43.0,40.0,34.0,36.0,54.0,35.0,29.0,36.0,44.0,39.0,38.0,45.0,51.0,49.0,48.0,80.0,126.0,100.0,54.0,80.0,58.0,54.0,51.0,58.0,47,0,0,0,0,0,0,1,47,1,6
39.0,51.0,44.0,43.0,40.0,34.0,36.0,54.0,35.0,29.0,36.0,44.0,39.0,38.0,45.0,51.0,49.0,48.0,80.0,126.0,100.0,54.0,80.0,58.0,54.0,51.0,58.0,47.0,51,0,0,0,0,1,0,0,51,2,6
51.0,44.0,43.0,40.0,34.0,36.0,54.0,35.0,29.0,36.0,44.0,39.0,38.0,45.0,51.0,49.0,48.0,80.0,126.0,100.0,54.0,80.0,58.0,54.0,51.0,58.0,47.0,51.0,61,1,0,0,0,0,0,0,61,3,6
44.0,43.0,40.0,34.0,36.0,54.0,35.0,29.0,36.0,44.0,39.0,38.0,45.0,51.0,49.0,48.0,80.0,126.0,100.0,54.0,80.0,58.0,54.0,51.0,58.0,47.0,51.0,61.0,80,0,0,1,0,0,0,0,80,4,6
43.0,40.0,34.0,36.0,54.0,35.0,29.0,36.0,44.0,39.0,38.0,45.0,51.0,49.0,48.0,80.0,126.0,100.0,54.0,80.0,58.0,54.0,51.0,58.0,47.0,51.0,61.0,80.0,38,0,0,0,1,0,0,0,38,5,6
40.0,34.0,36.0,54.0,35.0,29.0,36.0,44.0,39.0,38.0,45.0,51.0,49.0,48.0,80.0,126.0,100.0,54.0,80.0,58.0,54.0,51.0,58.0,47.0,51.0,61.0,80.0,38.0,58,0,1,0,0,0,0,0,58,6,6
34.0,36.0,54.0,35.0,29.0,36.0,44.0,39.0,38.0,45.0,51.0,49.0,48.0,80.0,126.0,100.0,54.0,80.0,58.0,54.0,51.0,58.0,47.0,51.0,61.0,80.0,38.0,58.0,31,0,0,0,0,0,1,0,31,7,6
36.0,54.0,35.0,29.0,36.0,44.0,39.0,38.0,45.0,51.0,49.0,48.0,80.0,126.0,100.0,54.0,80.0,58.0,54.0,51.0,58.0,47.0,51.0,61.0,80.0,38.0,58.0,31.0,39,0,0,0,0,0,0,1,39,8,6
54.0,35.0,29.0,36.0,44.0,39.0,38.0,45.0,51.0,49.0,48.0,80.0,126.0,100.0,54.0,80.0,58.0,54.0,51.0,58.0,47.0,51.0,61.0,80.0,38.0,58.0,31.0,39.0,43,0,0,0,0,1,0,0,43,9,6
35.0,29.0,36.0,44.0,39.0,38.0,45.0,51.0,49.0,48.0,80.0,126.0,100.0,54.0,80.0,58.0,54.0,51.0,58.0,47.0,51.0,61.0,80.0,38.0,58.0,31.0,39.0,43.0,119,1,0,0,0,0,0,0,119,10,6
29.0,36.0,44.0,39.0,38.0,45.0,51.0,49.0,48.0,80.0,126.0,100.0,54.0,80.0,58.0,54.0,51.0,58.0,47.0,51.0,61.0,80.0,38.0,58.0,31.0,39.0,43.0,119.0,97,0,0,1,0,0,0,0,97,11,6
36.0,44.0,39.0,38.0,45.0,51.0,49.0,48.0,80.0,126.0,100.0,54.0,80.0,58.0,54.0,51.0,58.0,47.0,51.0,61.0,80.0,38.0,58.0,31.0,39.0,43.0,119.0,97.0,44,0,0,0,1,0,0,0,44,12,6
44.0,39.0,38.0,45.0,51.0,49.0,48.0,80.0,126.0,100.0,54.0,80.0,58.0,54.0,51.0,58.0,47.0,51.0,61.0,80.0,38.0,58.0,31.0,39.0,43.0,119.0,97.0,44.0,42,0,1,0,0,0,0,0,42,13,6
39.0,38.0,45.0,51.0,49.0,48.0,80.0,126.0,100.0,54.0,80.0,58.0,54.0,51.0,58.0,47.0,51.0,61.0,80.0,38.0,58.0,31.0,39.0,43.0,119.0,97.0,44.0,42.0,38,0,0,0,0,0,1,0,38,14,6
38.0,45.0,51.0,49.0,48.0,80.0,126.0,100.0,54.0,80.0,58.0,54.0,51.0,58.0,47.0,51.0,61.0,80.0,38.0,58.0,31.0,39.0,43.0,119.0,97.0,44.0,42.0,38.0,84,0,0,0,0,0,0,1,84,15,6
45.0,51.0,49.0,48.0,80.0,126.0,100.0,54.0,80.0,58.0,54.0,51.0,58.0,47.0,51.0,61.0,80.0,38.0,58.0,31.0,39.0,43.0,119.0,97.0,44.0,42.0,38.0,84.0,29,0,0,0,0,1,0,0,29,16,6
51.0,49.0,48.0,80.0,126.0,100.0,54.0,80.0,58.0,54.0,51.0,58.0,47.0,51.0,61.0,80.0,38.0,58.0,31.0,39.0,43.0,119.0,97.0,44.0,42.0,38.0,84.0,29.0,41,1,0,0,0,0,0,0,41,17,6
49.0,48.0,80.0,126.0,100.0,54.0,80.0,58.0,54.0,51.0,58.0,47.0,51.0,61.0,80.0,38.0,58.0,31.0,39.0,43.0,119.0,97.0,44.0,42.0,38.0,84.0,29.0,41.0,97,0,0,1,0,0,0,0,97,18,6
48.0,80.0,126.0,100.0,54.0,80.0,58.0,54.0,51.0,58.0,47.0,51.0,61.0,80.0,38.0,58.0,31.0,39.0,43.0,119.0,97.0,44.0,42.0,38.0,84.0,29.0,41.0,97.0,101,0,0,0,1,0,0,0,101,19,6
80.0,126.0,100.0,54.0,80.0,58.0,54.0,51.0,58.0,47.0,51.0,61.0,80.0,38.0,58.0,31.0,39.0,43.0,119.0,97.0,44.0,42.0,38.0,84.0,29.0,41.0,97.0,101.0,80,0,1,0,0,0,0,0,80,20,6
126.0,100.0,54.0,80.0,58.0,54.0,51.0,58.0,47.0,51.0,61.0,80.0,38.0,58.0,31.0,39.0,43.0,119.0,97.0,44.0,42.0,38.0,84.0,29.0,41.0,97.0,101.0,80.0,50,0,0,0,0,0,1,0,50,21,6
100.0,54.0,80.0,58.0,54.0,51.0,58.0,47.0,51.0,61.0,80.0,38.0,58.0,31.0,39.0,43.0,119.0,97.0,44.0,42.0,38.0,84.0,29.0,41.0,97.0,101.0,80.0,50.0,84,0,0,0,0,0,0,1,84,22,6
54.0,80.0,58.0,54.0,51.0,58.0,47.0,51.0,61.0,80.0,38.0,58.0,31.0,39.0,43.0,119.0,97.0,44.0,42.0,38.0,84.0,29.0,41.0,97.0,101.0,80.0,50.0,84.0,43,0,0,0,0,1,0,0,43,23,6
80.0,58.0,54.0,51.0,58.0,47.0,51.0,61.0,80.0,38.0,58.0,31.0,39.0,43.0,119.0,97.0,44.0,42.0,38.0,84.0,29.0,41.0,97.0,101.0,80.0,50.0,84.0,43.0,77,1,0,0,0,0,0,0,77,24,6
58.0,54.0,51.0,58.0,47.0,51.0,61.0,80.0,38.0,58.0,31.0,39.0,43.0,119.0,97.0,44.0,42.0,38.0,84.0,29.0,41.0,97.0,101.0,80.0,50.0,84.0,43.0,77.0,93,0,0,1,0,0,0,0,93,25,6
54.0,51.0,58.0,47.0,51.0,61.0,80.0,38.0,58.0,31.0,39.0,43.0,119.0,97.0,44.0,42.0,38.0,84.0,29.0,41.0,97.0,101.0,80.0,50.0,84.0,43.0,77.0,93.0,61,0,0,0,1,0,0,0,61,26,6
51.0,58.0,47.0,51.0,61.0,80.0,38.0,58.0,31.0,39.0,43.0,119.0,97.0,44.0,42.0,38.0,84.0,29.0,41.0,97.0,101.0,80.0,50.0,84.0,43.0,77.0,93.0,61.0,48,0,1,0,0,0,0,0,48,27,6
58.0,47.0,51.0,61.0,80.0,38.0,58.0,31.0,39.0,43.0,119.0,97.0,44.0,42.0,38.0,84.0,29.0,41.0,97.0,101.0,80.0,50.0,84.0,43.0,77.0,93.0,61.0,48.0,23,0,0,0,0,0,1,0,23,28,6
47.0,51.0,61.0,80.0,38.0,58.0,31.0,39.0,43.0,119.0,97.0,44.0,42.0,38.0,84.0,29.0,41.0,97.0,101.0,80.0,50.0,84.0,43.0,77.0,93.0,61.0,48.0,23.0,45,0,0,0,0,0,0,1,45,29,6
51.0,61.0,80.0,38.0,58.0,31.0,39.0,43.0,119.0,97.0,44.0,42.0,38.0,84.0,29.0,41.0,97.0,101.0,80.0,50.0,84.0,43.0,77.0,93.0,61.0,48.0,23.0,45.0,87,0,0,0,0,1,0,0,87,30,6
61.0,80.0,38.0,58.0,31.0,39.0,43.0,119.0,97.0,44.0,42.0,38.0,84.0,29.0,41.0,97.0,101.0,80.0,50.0,84.0,43.0,77.0,93.0,61.0,48.0,23.0,45.0,87.0,39,1,0,0,0,0,0,0,39,1,7
80.0,38.0,58.0,31.0,39.0,43.0,119.0,97.0,44.0,42.0,38.0,84.0,29.0,41.0,97.0,101.0,80.0,50.0,84.0,43.0,77.0,93.0,61.0,48.0,23.0,45.0,87.0,39.0,39,0,0,1,0,0,0,0,39,2,7
38.0,58.0,31.0,39.0,43.0,119.0,97.0,44.0,42.0,38.0,84.0,29.0,41.0,97.0,101.0,80.0,50.0,84.0,43.0,77.0,93.0,61.0,48.0,23.0,45.0,87.0,39.0,39.0,47,0,0,0,1,0,0,0,47,3,7
58.0,31.0,39.0,43.0,119.0,97.0,44.0,42.0,38.0,84.0,29.0,41.0,97.0,101.0,80.0,50.0,84.0,43.0,77.0,93.0,61.0,48.0,23.0,45.0,87.0,39.0,39.0,47.0,64,0,1,0,0,0,0,0,64,4,7
31.0,39.0,43.0,119.0,97.0,44.0,42.0,38.0,84.0,29.0,41.0,97.0,101.0,80.0,50.0,84.0,43.0,77.0,93.0,61.0,48.0,23.0,45.0,87.0,39.0,39.0,47.0,64.0,55,0,0,0,0,0,1,0,55,5,7
39.0,43.0,119.0,97.0,44.0,42.0,38.0,84.0,29.0,41.0,97.0,101.0,80.0,50.0,84.0,43.0,77.0,93.0,61.0,48.0,23.0,45.0,87.0,39.0,39.0,47.0,64.0,55.0,50,0,0,0,0,0,0,1,50,6,7
43.0,119.0,97.0,44.0,42.0,38.0,84.0,29.0,41.0,97.0,101.0,80.0,50.0,84.0,43.0,77.0,93.0,61.0,48.0,23.0,45.0,87.0,39.0,39.0,47.0,64.0,55.0,50.0,64,0,0,0,0,1,0,0,64,7,7
119.0,97.0,44.0,42.0,38.0,84.0,29.0,41.0,97.0,101.0,80.0,50.0,84.0,43.0,77.0,93.0,61.0,48.0,23.0,45.0,87.0,39.0,39.0,47.0,64.0,55.0,50.0,64.0,50,1,0,0,0,0,0,0,50,8,7
97.0,44.0,42.0,38.0,84.0,29.0,41.0,97.0,101.0,80.0,50.0,84.0,43.0,77.0,93.0,61.0,48.0,23.0,45.0,87.0,39.0,39.0,47.0,64.0,55.0,50.0,64.0,50.0,38,0,0,1,0,0,0,0,38,9,7
44.0,42.0,38.0,84.0,29.0,41.0,97.0,101.0,80.0,50.0,84.0,43.0,77.0,93.0,61.0,48.0,23.0,45.0,87.0,39.0,39.0,47.0,64.0,55.0,50.0,64.0,50.0,38.0,39,0,0,0,1,0,0,0,39,10,7
42.0,38.0,84.0,29.0,41.0,97.0,101.0,80.0,50.0,84.0,43.0,77.0,93.0,61.0,48.0,23.0,45.0,87.0,39.0,39.0,47.0,64.0,55.0,50.0,64.0,50.0,38.0,39.0,80,0,1,0,0,0,0,0,80,11,7
38.0,84.0,29.0,41.0,97.0,101.0,80.0,50.0,84.0,43.0,77.0,93.0,61.0,48.0,23.0,45.0,87.0,39.0,39.0,47.0,64.0,55.0,50.0,64.0,50.0,38.0,39.0,80.0,80,0,0,0,0,0,1,0,80,12,7
84.0,29.0,41.0,97.0,101.0,80.0,50.0,84.0,43.0,77.0,93.0,61.0,48.0,23.0,45.0,87.0,39.0,39.0,47.0,64.0,55.0,50.0,64.0,50.0,38.0,39.0,80.0,80.0,50,0,0,0,0,0,0,1,50,13,7
29.0,41.0,97.0,101.0,80.0,50.0,84.0,43.0,77.0,93.0,61.0,48.0,23.0,45.0,87.0,39.0,39.0,47.0,64.0,55.0,50.0,64.0,50.0,38.0,39.0,80.0,80.0,50.0,44,0,0,0,0,1,0,0,44,14,7
41.0,97.0,101.0,80.0,50.0,84.0,43.0,77.0,93.0,61.0,48.0,23.0,45.0,87.0,39.0,39.0,47.0,64.0,55.0,50.0,64.0,50.0,38.0,39.0,80.0,80.0,50.0,44.0,29,1,0,0,0,0,0,0,29,15,7
97.0,101.0,80.0,50.0,84.0,43.0,77.0,93.0,61.0,48.0,23.0,45.0,87.0,39.0,39.0,47.0,64.0,55.0,50.0,64.0,50.0,38.0,39.0,80.0,80.0,50.0,44.0,29.0,32,0,0,1,0,0,0,0,32,16,7
101.0,80.0,50.0,84.0,43.0,77.0,93.0,61.0,48.0,23.0,45.0,87.0,39.0,39.0,47.0,64.0,55.0,50.0,64.0,50.0,38.0,39.0,80.0,80.0,50.0,44.0,29.0,32.0,46,0,0,0,1,0,0,0,46,17,7
80.0,50.0,84.0,43.0,77.0,93.0,61.0,48.0,23.0,45.0,87.0,39.0,39.0,47.0,64.0,55.0,50.0,64.0,50.0,38.0,39.0,80.0,80.0,50.0,44.0,29.0,32.0,46.0,40,0,1,0,0,0,0,0,40,18,7
50.0,84.0,43.0,77.0,93.0,61.0,48.0,23.0,45.0,87.0,39.0,39.0,47.0,64.0,55.0,50.0,64.0,50.0,38.0,39.0,80.0,80.0,50.0,44.0,29.0,32.0,46.0,40.0,43,0,0,0,0,0,1,0,43,19,7
84.0,43.0,77.0,93.0,61.0,48.0,23.0,45.0,87.0,39.0,39.0,47.0,64.0,55.0,50.0,64.0,50.0,38.0,39.0,80.0,80.0,50.0,44.0,29.0,32.0,46.0,40.0,43.0,77,0,0,0,0,0,0,1,77,20,7
43.0,77.0,93.0,61.0,48.0,23.0,45.0,87.0,39.0,39.0,47.0,64.0,55.0,50.0,64.0,50.0,38.0,39.0,80.0,80.0,50.0,44.0,29.0,32.0,46.0,40.0,43.0,77.0,44,0,0,0,0,1,0,0,44,21,7
77.0,93.0,61.0,48.0,23.0,45.0,87.0,39.0,39.0,47.0,64.0,55.0,50.0,64.0,50.0,38.0,39.0,80.0,80.0,50.0,44.0,29.0,32.0,46.0,40.0,43.0,77.0,44.0,61,1,0,0,0,0,0,0,61,22,7
93.0,61.0,48.0,23.0,45.0,87.0,39.0,39.0,47.0,64.0,55.0,50.0,64.0,50.0,38.0,39.0,80.0,80.0,50.0,44.0,29.0,32.0,46.0,40.0,43.0,77.0,44.0,61.0,61,0,0,1,0,0,0,0,61,23,7
61.0,48.0,23.0,45.0,87.0,39.0,39.0,47.0,64.0,55.0,50.0,64.0,50.0,38.0,39.0,80.0,80.0,50.0,44.0,29.0,32.0,46.0,40.0,43.0,77.0,44.0,61.0,61.0,34,0,0,0,1,0,0,0,34,24,7
48.0,23.0,45.0,87.0,39.0,39.0,47.0,64.0,55.0,50.0,64.0,50.0,38.0,39.0,80.0,80.0,50.0,44.0,29.0,32.0,46.0,40.0,43.0,77.0,44.0,61.0,61.0,34.0,43,0,1,0,0,0,0,0,43,25,7
23.0,45.0,87.0,39.0,39.0,47.0,64.0,55.0,50.0,64.0,50.0,38.0,39.0,80.0,80.0,50.0,44.0,29.0,32.0,46.0,40.0,43.0,77.0,44.0,61.0,61.0,34.0,43.0,47,0,0,0,0,0,1,0,47,26,7
45.0,87.0,39.0,39.0,47.0,64.0,55.0,50.0,64.0,50.0,38.0,39.0,80.0,80.0,50.0,44.0,29.0,32.0,46.0,40.0,43.0,77.0,44.0,61.0,61.0,34.0,43.0,47.0,64,0,0,0,0,0,0,1,64,27,7
87.0,39.0,39.0,47.0,64.0,55.0,50.0,64.0,50.0,38.0,39.0,80.0,80.0,50.0,44.0,29.0,32.0,46.0,40.0,43.0,77.0,44.0,61.0,61.0,34.0,43.0,47.0,64.0,39,0,0,0,0,1,0,0,39,28,7
39.0,39.0,47.0,64.0,55.0,50.0,64.0,50.0,38.0,39.0,80.0,80.0,50.0,44.0,29.0,32.0,46.0,40.0,43.0,77.0,44.0,61.0,61.0,34.0,43.0,47.0,64.0,39.0,35,1,0,0,0,0,0,0,35,29,7
39.0,47.0,64.0,55.0,50.0,64.0,50.0,38.0,39.0,80.0,80.0,50.0,44.0,29.0,32.0,46.0,40.0,43.0,77.0,44.0,61.0,61.0,34.0,43.0,47.0,64.0,39.0,35.0,25,0,0,1,0,0,0,0,25,30,7
47.0,64.0,55.0,50.0,64.0,50.0,38.0,39.0,80.0,80.0,50.0,44.0,29.0,32.0,46.0,40.0,43.0,77.0,44.0,61.0,61.0,34.0,43.0,47.0,64.0,39.0,35.0,25.0,38,0,0,0,1,0,0,0,38,31,7
64.0,55.0,50.0,64.0,50.0,38.0,39.0,80.0,80.0,50.0,44.0,29.0,32.0,46.0,40.0,43.0,77.0,44.0,61.0,61.0,34.0,43.0,47.0,64.0,39.0,35.0,25.0,38.0,47,0,1,0,0,0,0,0,47,1,8
55.0,50.0,64.0,50.0,38.0,39.0,80.0,80.0,50.0,44.0,29.0,32.0,46.0,40.0,43.0,77.0,44.0,61.0,61.0,34.0,43.0,47.0,64.0,39.0,35.0,25.0,38.0,47.0,46,0,0,0,0,0,1,0,46,2,8
50.0,64.0,50.0,38.0,39.0,80.0,80.0,50.0,44.0,29.0,32.0,46.0,40.0,43.0,77.0,44.0,61.0,61.0,34.0,43.0,47.0,64.0,39.0,35.0,25.0,38.0,47.0,46.0,51,0,0,0,0,0,0,1,51,3,8
64.0,50.0,38.0,39.0,80.0,80.0,50.0,44.0,29.0,32.0,46.0,40.0,43.0,77.0,44.0,61.0,61.0,34.0,43.0,47.0,64.0,39.0,35.0,25.0,38.0,47.0,46.0,51.0,84,0,0,0,0,1,0,0,84,4,8
50.0,38.0,39.0,80.0,80.0,50.0,44.0,29.0,32.0,46.0,40.0,43.0,77.0,44.0,61.0,61.0,34.0,43.0,47.0,64.0,39.0,35.0,25.0,38.0,47.0,46.0,51.0,84.0,49,1,0,0,0,0,0,0,49,5,8
38.0,39.0,80.0,80.0,50.0,44.0,29.0,32.0,46.0,40.0,43.0,77.0,44.0,61.0,61.0,34.0,43.0,47.0,64.0,39.0,35.0,25.0,38.0,47.0,46.0,51.0,84.0,49.0,34,0,0,1,0,0,0,0,34,6,8
39.0,80.0,80.0,50.0,44.0,29.0,32.0,46.0,40.0,43.0,77.0,44.0,61.0,61.0,34.0,43.0,47.0,64.0,39.0,35.0,25.0,38.0,47.0,46.0,51.0,84.0,49.0,34.0,31,0,0,0,1,0,0,0,31,7,8
80.0,80.0,50.0,44.0,29.0,32.0,46.0,40.0,43.0,77.0,44.0,61.0,61.0,34.0,43.0,47.0,64.0,39.0,35.0,25.0,38.0,47.0,46.0,51.0,84.0,49.0,34.0,31.0,38,0,1,0,0,0,0,0,38,8,8
80.0,50.0,44.0,29.0,32.0,46.0,40.0,43.0,77.0,44.0,61.0,61.0,34.0,43.0,47.0,64.0,39.0,35.0,25.0,38.0,47.0,46.0,51.0,84.0,49.0,34.0,31.0,38.0,77,0,0,0,0,0,1,0,77,9,8
50.0,44.0,29.0,32.0,46.0,40.0,43.0,77.0,44.0,61.0,61.0,34.0,43.0,47.0,64.0,39.0,35.0,25.0,38.0,47.0,46.0,51.0,84.0,49.0,34.0,31.0,38.0,77.0,115,0,0,0,0,0,0,1,115,10,8
44.0,29.0,32.0,46.0,40.0,43.0,77.0,44.0,61.0,61.0,34.0,43.0,47.0,64.0,39.0,35.0,25.0,38.0,47.0,46.0,51.0,84.0,49.0,34.0,31.0,38.0,77.0,115.0,42,0,0,0,0,1,0,0,42,11,8
29.0,32.0,46.0,40.0,43.0,77.0,44.0,61.0,61.0,34.0,43.0,47.0,64.0,39.0,35.0,25.0,38.0,47.0,46.0,51.0,84.0,49.0,34.0,31.0,38.0,77.0,115.0,42.0,43,1,0,0,0,0,0,0,43,12,8
32.0,46.0,40.0,43.0,77.0,44.0,61.0,61.0,34.0,43.0,47.0,64.0,39.0,35.0,25.0,38.0,47.0,46.0,51.0,84.0,49.0,34.0,31.0,38.0,77.0,115.0,42.0,43.0,26,0,0,1,0,0,0,0,26,13,8
46.0,40.0,43.0,77.0,44.0,61.0,61.0,34.0,43.0,47.0,64.0,39.0,35.0,25.0,38.0,47.0,46.0,51.0,84.0,49.0,34.0,31.0,38.0,77.0,115.0,42.0,43.0,26.0,34,0,0,0,1,0,0,0,34,14,8
40.0,43.0,77.0,44.0,61.0,61.0,34.0,43.0,47.0,64.0,39.0,35.0,25.0,38.0,47.0,46.0,51.0,84.0,49.0,34.0,31.0,38.0,77.0,115.0,42.0,43.0,26.0,34.0,25,0,1,0,0,0,0,0,25,15,8
43.0,77.0,44.0,61.0,61.0,34.0,43.0,47.0,64.0,39.0,35.0,25.0,38.0,47.0,46.0,51.0,84.0,49.0,34.0,31.0,38.0,77.0,115.0,42.0,43.0,26.0,34.0,25.0,35,0,0,0,0,0,1,0,35,16,8
77.0,44.0,61.0,61.0,34.0,43.0,47.0,64.0,39.0,35.0,25.0,38.0,47.0,46.0,51.0,84.0,49.0,34.0,31.0,38.0,77.0,115.0,42.0,43.0,26.0,34.0,25.0,35.0,42,0,0,0,0,0,0,1,42,17,8
44.0,61.0,61.0,34.0,43.0,47.0,64.0,39.0,35.0,25.0,38.0,47.0,46.0,51.0,84.0,49.0,34.0,31.0,38.0,77.0,115.0,42.0,43.0,26.0,34.0,25.0,35.0,42.0,54,0,0,0,0,1,0,0,54,18,8
61.0,61.0,34.0,43.0,47.0,64.0,39.0,35.0,25.0,38.0,47.0,46.0,51.0,84.0,49.0,34.0,31.0,38.0,77.0,115.0,42.0,43.0,26.0,34.0,25.0,35.0,42.0,54.0,45,1,0,0,0,0,0,0,45,19,8
61.0,34.0,43.0,47.0,64.0,39.0,35.0,25.0,38.0,47.0,46.0,51.0,84.0,49.0,34.0,31.0,38.0,77.0,115.0,42.0,43.0,26.0,34.0,25.0,35.0,42.0,54.0,45.0,40,0,0,1,0,0,0,0,40,20,8
34.0,43.0,47.0,64.0,39.0,35.0,25.0,38.0,47.0,46.0,51.0,84.0,49.0,34.0,31.0,38.0,77.0,115.0,42.0,43.0,26.0,34.0,25.0,35.0,42.0,54.0,45.0,40.0,24,0,0,0,1,0,0,0,24,21,8
43.0,47.0,64.0,39.0,35.0,25.0,38.0,47.0,46.0,51.0,84.0,49.0,34.0,31.0,38.0,77.0,115.0,42.0,43.0,26.0,34.0,25.0,35.0,42.0,54.0,45.0,40.0,24.0,35,0,1,0,0,0,0,0,35,22,8
47.0,64.0,39.0,35.0,25.0,38.0,47.0,46.0,51.0,84.0,49.0,34.0,31.0,38.0,77.0,115.0,42.0,43.0,26.0,34.0,25.0,35.0,42.0,54.0,45.0,40.0,24.0,35.0,44,0,0,0,0,0,1,0,44,23,8
64.0,39.0,35.0,25.0,38.0,47.0,46.0,51.0,84.0,49.0,34.0,31.0,38.0,77.0,115.0,42.0,43.0,26.0,34.0,25.0,35.0,42.0,54.0,45.0,40.0,24.0,35.0,44.0,41,0,0,0,0,0,0,1,41,24,8
39.0,35.0,25.0,38.0,47.0,46.0,51.0,84.0,49.0,34.0,31.0,38.0,77.0,115.0,42.0,43.0,26.0,34.0,25.0,35.0,42.0,54.0,45.0,40.0,24.0,35.0,44.0,41.0,34,0,0,0,0,1,0,0,34,25,8
35.0,25.0,38.0,47.0,46.0,51.0,84.0,49.0,34.0,31.0,38.0,77.0,115.0,42.0,43.0,26.0,34.0,25.0,35.0,42.0,54.0,45.0,40.0,24.0,35.0,44.0,41.0,34.0,41,1,0,0,0,0,0,0,41,26,8
25.0,38.0,47.0,46.0,51.0,84.0,49.0,34.0,31.0,38.0,77.0,115.0,42.0,43.0,26.0,34.0,25.0,35.0,42.0,54.0,45.0,40.0,24.0,35.0,44.0,41.0,34.0,41.0,39,0,0,1,0,0,0,0,39,27,8
38.0,47.0,46.0,51.0,84.0,49.0,34.0,31.0,38.0,77.0,115.0,42.0,43.0,26.0,34.0,25.0,35.0,42.0,54.0,45.0,40.0,24.0,35.0,44.0,41.0,34.0,41.0,39.0,33,0,0,0,1,0,0,0,33,28,8
47.0,46.0,51.0,84.0,49.0,34.0,31.0,38.0,77.0,115.0,42.0,43.0,26.0,34.0,25.0,35.0,42.0,54.0,45.0,40.0,24.0,35.0,44.0,41.0,34.0,41.0,39.0,33.0,49,0,1,0,0,0,0,0,49,29,8
46.0,51.0,84.0,49.0,34.0,31.0,38.0,77.0,115.0,42.0,43.0,26.0,34.0,25.0,35.0,42.0,54.0,45.0,40.0,24.0,35.0,44.0,41.0,34.0,41.0,39.0,33.0,49.0,44,0,0,0,0,0,1,0,44,30,8
51.0,84.0,49.0,34.0,31.0,38.0,77.0,115.0,42.0,43.0,26.0,34.0,25.0,35.0,42.0,54.0,45.0,40.0,24.0,35.0,44.0,41.0,34.0,41.0,39.0,33.0,49.0,44.0,29,0,0,0,0,0,0,1,29,31,8
84.0,49.0,34.0,31.0,38.0,77.0,115.0,42.0,43.0,26.0,34.0,25.0,35.0,42.0,54.0,45.0,40.0,24.0,35.0,44.0,41.0,34.0,41.0,39.0,33.0,49.0,44.0,29.0,19,0,0,0,0,1,0,0,19,1,9
49.0,34.0,31.0,38.0,77.0,115.0,42.0,43.0,26.0,34.0,25.0,35.0,42.0,54.0,45.0,40.0,24.0,35.0,44.0,41.0,34.0,41.0,39.0,33.0,49.0,44.0,29.0,19.0,25,1,0,0,0,0,0,0,25,2,9
34.0,31.0,38.0,77.0,115.0,42.0,43.0,26.0,34.0,25.0,35.0,42.0,54.0,45.0,40.0,24.0,35.0,44.0,41.0,34.0,41.0,39.0,33.0,49.0,44.0,29.0,19.0,25.0,41,0,0,1,0,0,0,0,41,3,9
31.0,38.0,77.0,115.0,42.0,43.0,26.0,34.0,25.0,35.0,42.0,54.0,45.0,40.0,24.0,35.0,44.0,41.0,34.0,41.0,39.0,33.0,49.0,44.0,29.0,19.0,25.0,41.0,46,0,0,0,1,0,0,0,46,4,9
38.0,77.0,115.0,42.0,43.0,26.0,34.0,25.0,35.0,42.0,54.0,45.0,40.0,24.0,35.0,44.0,41.0,34.0,41.0,39.0,33.0,49.0,44.0,29.0,19.0,25.0,41.0,46.0,61,0,1,0,0,0,0,0,61,5,9
77.0,115.0,42.0,43.0,26.0,34.0,25.0,35.0,42.0,54.0,45.0,40.0,24.0,35.0,44.0,41.0,34.0,41.0,39.0,33.0,49.0,44.0,29.0,19.0,25.0,41.0,46.0,61.0,53,0,0,0,0,0,1,0,53,6,9
115.0,42.0,43.0,26.0,34.0,25.0,35.0,42.0,54.0,45.0,40.0,24.0,35.0,44.0,41.0,34.0,41.0,39.0,33.0,49.0,44.0,29.0,19.0,25.0,41.0,46.0,61.0,53.0,28,0,0,0,0,0,0,1,28,7,9
42.0,43.0,26.0,34.0,25.0,35.0,42.0,54.0,45.0,40.0,24.0,35.0,44.0,41.0,34.0,41.0,39.0,33.0,49.0,44.0,29.0,19.0,25.0,41.0,46.0,61.0,53.0,28.0,23,0,0,0,0,1,0,0,23,8,9
43.0,26.0,34.0,25.0,35.0,42.0,54.0,45.0,40.0,24.0,35.0,44.0,41.0,34.0,41.0,39.0,33.0,49.0,44.0,29.0,19.0,25.0,41.0,46.0,61.0,53.0,28.0,23.0,42,1,0,0,0,0,0,0,42,9,9
26.0,34.0,25.0,35.0,42.0,54.0,45.0,40.0,24.0,35.0,44.0,41.0,34.0,41.0,39.0,33.0,49.0,44.0,29.0,19.0,25.0,41.0,46.0,61.0,53.0,28.0,23.0,42.0,25,0,0,1,0,0,0,0,25,10,9
34.0,25.0,35.0,42.0,54.0,45.0,40.0,24.0,35.0,44.0,41.0,34.0,41.0,39.0,33.0,49.0,44.0,29.0,19.0,25.0,41.0,46.0,61.0,53.0,28.0,23.0,42.0,25.0,25,0,0,0,1,0,0,0,25,11,9
25.0,35.0,42.0,54.0,45.0,40.0,24.0,35.0,44.0,41.0,34.0,41.0,39.0,33.0,49.0,44.0,29.0,19.0,25.0,41.0,46.0,61.0,53.0,28.0,23.0,42.0,25.0,25.0,32,0,1,0,0,0,0,0,32,12,9
35.0,42.0,54.0,45.0,40.0,24.0,35.0,44.0,41.0,34.0,41.0,39.0,33.0,49.0,44.0,29.0,19.0,25.0,41.0,46.0,61.0,53.0,28.0,23.0,42.0,25.0,25.0,32.0,46,0,0,0,0,0,1,0,46,13,9
42.0,54.0,45.0,40.0,24.0,35.0,44.0,41.0,34.0,41.0,39.0,33.0,49.0,44.0,29.0,19.0,25.0,41.0,46.0,61.0,53.0,28.0,23.0,42.0,25.0,25.0,32.0,46.0,20,0,0,0,0,0,0,1,20,14,9
54.0,45.0,40.0,24.0,35.0,44.0,41.0,34.0,41.0,39.0,33.0,49.0,44.0,29.0,19.0,25.0,41.0,46.0,61.0,53.0,28.0,23.0,42.0,25.0,25.0,32.0,46.0,20.0,25,0,0,0,0,1,0,0,25,15,9
45.0,40.0,24.0,35.0,44.0,41.0,34.0,41.0,39.0,33.0,49.0,44.0,29.0,19.0,25.0,41.0,46.0,61.0,53.0,28.0,23.0,42.0,25.0,25.0,32.0,46.0,20.0,25.0,43,1,0,0,0,0,0,0,43,16,9
40.0,24.0,35.0,44.0,41.0,34.0,41.0,39.0,33.0,49.0,44.0,29.0,19.0,25.0,41.0,46.0,61.0,53.0,28.0,23.0,42.0,25.0,25.0,32.0,46.0,20.0,25.0,43.0,24,0,0,1,0,0,0,0,24,17,9
24.0,35.0,44.0,41.0,34.0,41.0,39.0,33.0,49.0,44.0,29.0,19.0,25.0,41.0,46.0,61.0,53.0,28.0,23.0,42.0,25.0,25.0,32.0,46.0,20.0,25.0,43.0,24.0,40,0,0,0,1,0,0,0,40,18,9
35.0,44.0,41.0,34.0,41.0,39.0,33.0,49.0,44.0,29.0,19.0,25.0,41.0,46.0,61.0,53.0,28.0,23.0,42.0,25.0,25.0,32.0,46.0,20.0,25.0,43.0,24.0,40.0,42,0,1,0,0,0,0,0,42,19,9
44.0,41.0,34.0,41.0,39.0,33.0,49.0,44.0,29.0,19.0,25.0,41.0,46.0,61.0,53.0,28.0,23.0,42.0,25.0,25.0,32.0,46.0,20.0,25.0,43.0,24.0,40.0,42.0,43,0,0,0,0,0,1,0,43,20,9
41.0,34.0,41.0,39.0,33.0,49.0,44.0,29.0,19.0,25.0,41.0,46.0,61.0,53.0,28.0,23.0,42.0,25.0,25.0,32.0,46.0,20.0,25.0,43.0,24.0,40.0,42.0,43.0,44,0,0,0,0,0,0,1,44,21,9
34.0,41.0,39.0,33.0,49.0,44.0,29.0,19.0,25.0,41.0,46.0,61.0,53.0,28.0,23.0,42.0,25.0,25.0,32.0,46.0,20.0,25.0,43.0,24.0,40.0,42.0,43.0,44.0,71,0,0,0,0,1,0,0,71,22,9
41.0,39.0,33.0,49.0,44.0,29.0,19.0,25.0,41.0,46.0,61.0,53.0,28.0,23.0,42.0,25.0,25.0,32.0,46.0,20.0,25.0,43.0,24.0,40.0,42.0,43.0,44.0,71.0,26,1,0,0,0,0,0,0,26,23,9
39.0,33.0,49.0,44.0,29.0,19.0,25.0,41.0,46.0,61.0,53.0,28.0,23.0,42.0,25.0,25.0,32.0,46.0,20.0,25.0,43.0,24.0,40.0,42.0,43.0,44.0,71.0,26.0,35,0,0,1,0,0,0,0,35,24,9
33.0,49.0,44.0,29.0,19.0,25.0,41.0,46.0,61.0,53.0,28.0,23.0,42.0,25.0,25.0,32.0,46.0,20.0,25.0,43.0,24.0,40.0,42.0,43.0,44.0,71.0,26.0,35.0,33,0,0,0,1,0,0,0,33,25,9
49.0,44.0,29.0,19.0,25.0,41.0,46.0,61.0,53.0,28.0,23.0,42.0,25.0,25.0,32.0,46.0,20.0,25.0,43.0,24.0,40.0,42.0,43.0,44.0,71.0,26.0,35.0,33.0,30,0,1,0,0,0,0,0,30,26,9
44.0,29.0,19.0,25.0,41.0,46.0,61.0,53.0,28.0,23.0,42.0,25.0,25.0,32.0,46.0,20.0,25.0,43.0,24.0,40.0,42.0,43.0,44.0,71.0,26.0,35.0,33.0,30.0,33,0,0,0,0,0,1,0,33,27,9
29.0,19.0,25.0,41.0,46.0,61.0,53.0,28.0,23.0,42.0,25.0,25.0,32.0,46.0,20.0,25.0,43.0,24.0,40.0,42.0,43.0,44.0,71.0,26.0,35.0,33.0,30.0,33.0,23,0,0,0,0,0,0,1,23,28,9
19.0,25.0,41.0,46.0,61.0,53.0,28.0,23.0,42.0,25.0,25.0,32.0,46.0,20.0,25.0,43.0,24.0,40.0,42.0,43.0,44.0,71.0,26.0,35.0,33.0,30.0,33.0,23.0,20,0,0,0,0,1,0,0,20,29,9
25.0,41.0,46.0,61.0,53.0,28.0,23.0,42.0,25.0,25.0,32.0,46.0,20.0,25.0,43.0,24.0,40.0,42.0,43.0,44.0,71.0,26.0,35.0,33.0,30.0,33.0,23.0,20.0,17,1,0,0,0,0,0,0,17,30,9
41.0,46.0,61.0,53.0,28.0,23.0,42.0,25.0,25.0,32.0,46.0,20.0,25.0,43.0,24.0,40.0,42.0,43.0,44.0,71.0,26.0,35.0,33.0,30.0,33.0,23.0,20.0,17.0,31,0,1,0,0,0,0,0,31,3,10
46.0,61.0,53.0,28.0,23.0,42.0,25.0,25.0,32.0,46.0,20.0,25.0,43.0,24.0,40.0,42.0,43.0,44.0,71.0,26.0,35.0,33.0,30.0,33.0,23.0,20.0,17.0,31.0,51,0,0,0,0,1,0,0,51,6,10
61.0,53.0,28.0,23.0,42.0,25.0,25.0,32.0,46.0,20.0,25.0,43.0,24.0,40.0,42.0,43.0,44.0,71.0,26.0,35.0,33.0,30.0,33.0,23.0,20.0,17.0,31.0,51.0,12,0,0,0,1,0,0,0,12,9,10
53.0,28.0,23.0,42.0,25.0,25.0,32.0,46.0,20.0,25.0,43.0,24.0,40.0,42.0,43.0,44.0,71.0,26.0,35.0,33.0,30.0,33.0,23.0,20.0,17.0,31.0,51.0,12.0,43,0,0,0,0,0,0,1,43,12,10
28.0,23.0,42.0,25.0,25.0,32.0,46.0,20.0,25.0,43.0,24.0,40.0,42.0,43.0,44.0,71.0,26.0,35.0,33.0,30.0,33.0,23.0,20.0,17.0,31.0,51.0,12.0,43.0,41,0,0,1,0,0,0,0,41,15,10
23.0,42.0,25.0,25.0,32.0,46.0,20.0,25.0,43.0,24.0,40.0,42.0,43.0,44.0,71.0,26.0,35.0,33.0,30.0,33.0,23.0,20.0,17.0,31.0,51.0,12.0,43.0,41.0,35,0,0,0,0,0,1,0,35,18,10
42.0,25.0,25.0,32.0,46.0,20.0,25.0,43.0,24.0,40.0,42.0,43.0,44.0,71.0,26.0,35.0,33.0,30.0,33.0,23.0,20.0,17.0,31.0,51.0,12.0,43.0,41.0,35.0,9,1,0,0,0,0,0,0,9,21,10
25.0,25.0,32.0,46.0,20.0,25.0,43.0,24.0,40.0,42.0,43.0,44.0,71.0,26.0,35.0,33.0,30.0,33.0,23.0,20.0,17.0,31.0,51.0,12.0,43.0,41.0,35.0,9.0,10,0,1,0,0,0,0,0,10,24,10
25.0,32.0,46.0,20.0,25.0,43.0,24.0,40.0,42.0,43.0,44.0,71.0,26.0,35.0,33.0,30.0,33.0,23.0,20.0,17.0,31.0,51.0,12.0,43.0,41.0,35.0,9.0,10.0,8,0,0,0,0,1,0,0,8,27,10
32.0,46.0,20.0,25.0,43.0,24.0,40.0,42.0,43.0,44.0,71.0,26.0,35.0,33.0,30.0,33.0,23.0,20.0,17.0,31.0,51.0,12.0,43.0,41.0,35.0,9.0,10.0,8.0,12,0,0,0,1,0,0,0,12,30,10
46.0,20.0,25.0,43.0,24.0,40.0,42.0,43.0,44.0,71.0,26.0,35.0,33.0,30.0,33.0,23.0,20.0,17.0,31.0,51.0,12.0,43.0,41.0,35.0,9.0,10.0,8.0,12.0,67,0,0,0,0,0,0,1,67,2,11
20.0,25.0,43.0,24.0,40.0,42.0,43.0,44.0,71.0,26.0,35.0,33.0,30.0,33.0,23.0,20.0,17.0,31.0,51.0,12.0,43.0,41.0,35.0,9.0,10.0,8.0,12.0,67.0,39,0,0,1,0,0,0,0,39,5,11
25.0,43.0,24.0,40.0,42.0,43.0,44.0,71.0,26.0,35.0,33.0,30.0,33.0,23.0,20.0,17.0,31.0,51.0,12.0,43.0,41.0,35.0,9.0,10.0,8.0,12.0,67.0,39.0,59,0,0,0,0,0,1,0,59,8,11
43.0,24.0,40.0,42.0,43.0,44.0,71.0,26.0,35.0,33.0,30.0,33.0,23.0,20.0,17.0,31.0,51.0,12.0,43.0,41.0,35.0,9.0,10.0,8.0,12.0,67.0,39.0,59.0,12,1,0,0,0,0,0,0,12,11,11
24.0,40.0,42.0,43.0,44.0,71.0,26.0,35.0,33.0,30.0,33.0,23.0,20.0,17.0,31.0,51.0,12.0,43.0,41.0,35.0,9.0,10.0,8.0,12.0,67.0,39.0,59.0,12.0,42,0,1,0,0,0,0,0,42,14,11
40.0,42.0,43.0,44.0,71.0,26.0,35.0,33.0,30.0,33.0,23.0,20.0,17.0,31.0,51.0,12.0,43.0,41.0,35.0,9.0,10.0,8.0,12.0,67.0,39.0,59.0,12.0,42.0,76,0,0,0,0,1,0,0,76,17,11
42.0,43.0,44.0,71.0,26.0,35.0,33.0,30.0,33.0,23.0,20.0,17.0,31.0,51.0,12.0,43.0,41.0,35.0,9.0,10.0,8.0,12.0,67.0,39.0,59.0,12.0,42.0,76.0,4,0,0,0,1,0,0,0,4,20,11
43.0,44.0,71.0,26.0,35.0,33.0,30.0,33.0,23.0,20.0,17.0,31.0,51.0,12.0,43.0,41.0,35.0,9.0,10.0,8.0,12.0,67.0,39.0,59.0,12.0,42.0,76.0,4.0,46,0,0,0,0,0,0,1,46,23,11
44.0,71.0,26.0,35.0,33.0,30.0,33.0,23.0,20.0,17.0,31.0,51.0,12.0,43.0,41.0,35.0,9.0,10.0,8.0,12.0,67.0,39.0,59.0,12.0,42.0,76.0,4.0,46.0,19,0,0,1,0,0,0,0,19,26,11
71.0,26.0,35.0,33.0,30.0,33.0,23.0,20.0,17.0,31.0,51.0,12.0,43.0,41.0,35.0,9.0,10.0,8.0,12.0,67.0,39.0,59.0,12.0,42.0,76.0,4.0,46.0,19.0,35,0,0,0,0,0,1,0,35,29,11
26.0,35.0,33.0,30.0,33.0,23.0,20.0,17.0,31.0,51.0,12.0,43.0,41.0,35.0,9.0,10.0,8.0,12.0,67.0,39.0,59.0,12.0,42.0,76.0,4.0,46.0,19.0,35.0,7,1,0,0,0,0,0,0,7,2,12
35.0,33.0,30.0,33.0,23.0,20.0,17.0,31.0,51.0,12.0,43.0,41.0,35.0,9.0,10.0,8.0,12.0,67.0,39.0,59.0,12.0,42.0,76.0,4.0,46.0,19.0,35.0,7.0,38,0,1,0,0,0,0,0,38,5,12
33.0,30.0,33.0,23.0,20.0,17.0,31.0,51.0,12.0,43.0,41.0,35.0,9.0,10.0,8.0,12.0,67.0,39.0,59.0,12.0,42.0,76.0,4.0,46.0,19.0,35.0,7.0,38.0,23,0,0,0,0,1,0,0,23,8,12
30.0,33.0,23.0,20.0,17.0,31.0,51.0,12.0,43.0,41.0,35.0,9.0,10.0,8.0,12.0,67.0,39.0,59.0,12.0,42.0,76.0,4.0,46.0,19.0,35.0,7.0,38.0,23.0,48,0,0,0,1,0,0,0,48,11,12
33.0,23.0,20.0,17.0,31.0,51.0,12.0,43.0,41.0,35.0,9.0,10.0,8.0,12.0,67.0,39.0,59.0,12.0,42.0,76.0,4.0,46.0,19.0,35.0,7.0,38.0,23.0,48.0,40,0,0,0,0,0,0,1,40,14,12
23.0,20.0,17.0,31.0,51.0,12.0,43.0,41.0,35.0,9.0,10.0,8.0,12.0,67.0,39.0,59.0,12.0,42.0,76.0,4.0,46.0,19.0,35.0,7.0,38.0,23.0,48.0,40.0,54,0,0,1,0,0,0,0,54,17,12
20.0,17.0,31.0,51.0,12.0,43.0,41.0,35.0,9.0,10.0,8.0,12.0,67.0,39.0,59.0,12.0,42.0,76.0,4.0,46.0,19.0,35.0,7.0,38.0,23.0,48.0,40.0,54.0,62,0,0,0,0,0,1,0,62,20,12
17.0,31.0,51.0,12.0,43.0,41.0,35.0,9.0,10.0,8.0,12.0,67.0,39.0,59.0,12.0,42.0,76.0,4.0,46.0,19.0,35.0,7.0,38.0,23.0,48.0,40.0,54.0,62.0,69,1,0,0,0,0,0,0,69,23,12
31.0,51.0,12.0,43.0,41.0,35.0,9.0,10.0,8.0,12.0,67.0,39.0,59.0,12.0,42.0,76.0,4.0,46.0,19.0,35.0,7.0,38.0,23.0,48.0,40.0,54.0,62.0,69.0,29,0,1,0,0,0,0,0,29,26,12
51.0,12.0,43.0,41.0,35.0,9.0,10.0,8.0,12.0,67.0,39.0,59.0,12.0,42.0,76.0,4.0,46.0,19.0,35.0,7.0,38.0,23.0,48.0,40.0,54.0,62.0,69.0,29.0,13,0,0,0,0,1,0,0,13,29,12
12.0,43.0,41.0,35.0,9.0,10.0,8.0,12.0,67.0,39.0,59.0,12.0,42.0,76.0,4.0,46.0,19.0,35.0,7.0,38.0,23.0,48.0,40.0,54.0,62.0,69.0,29.0,13.0,54,0,0,0,1,0,0,0,54,1,1
43.0,41.0,35.0,9.0,10.0,8.0,12.0,67.0,39.0,59.0,12.0,42.0,76.0,4.0,46.0,19.0,35.0,7.0,38.0,23.0,48.0,40.0,54.0,62.0,69.0,29.0,13.0,54.0,18,0,0,0,0,0,0,1,18,4,1
41.0,35.0,9.0,10.0,8.0,12.0,67.0,39.0,59.0,12.0,42.0,76.0,4.0,46.0,19.0,35.0,7.0,38.0,23.0,48.0,40.0,54.0,62.0,69.0,29.0,13.0,54.0,18.0,48,0,0,0,0,0,0,1,48,11,1
35.0,9.0,10.0,8.0,12.0,67.0,39.0,59.0,12.0,42.0,76.0,4.0,46.0,19.0,35.0,7.0,38.0,23.0,48.0,40.0,54.0,62.0,69.0,29.0,13.0,54.0,18.0,48.0,30,1,0,0,0,0,0,0,30,13,1
9.0,10.0,8.0,12.0,67.0,39.0,59.0,12.0,42.0,76.0,4.0,46.0,19.0,35.0,7.0,38.0,23.0,48.0,40.0,54.0,62.0,69.0,29.0,13.0,54.0,18.0,48.0,30.0,74,0,0,0,1,0,0,0,74,15,1
10.0,8.0,12.0,67.0,39.0,59.0,12.0,42.0,76.0,4.0,46.0,19.0,35.0,7.0,38.0,23.0,48.0,40.0,54.0,62.0,69.0,29.0,13.0,54.0,18.0,48.0,30.0,74.0,46,0,0,0,0,0,1,0,46,17,1
8.0,12.0,67.0,39.0,59.0,12.0,42.0,76.0,4.0,46.0,19.0,35.0,7.0,38.0,23.0,48.0,40.0,54.0,62.0,69.0,29.0,13.0,54.0,18.0,48.0,30.0,74.0,46.0,57,0,0,0,0,1,0,0,57,19,1
12.0,67.0,39.0,59.0,12.0,42.0,76.0,4.0,46.0,19.0,35.0,7.0,38.0,23.0,48.0,40.0,54.0,62.0,69.0,29.0,13.0,54.0,18.0,48.0,30.0,74.0,46.0,57.0,57,0,0,0,1,0,0,0,57,22,1
67.0,39.0,59.0,12.0,42.0,76.0,4.0,46.0,19.0,35.0,7.0,38.0,23.0,48.0,40.0,54.0,62.0,69.0,29.0,13.0,54.0,18.0,48.0,30.0,74.0,46.0,57.0,57.0,45,0,0,0,0,0,0,1,45,25,1
39.0,59.0,12.0,42.0,76.0,4.0,46.0,19.0,35.0,7.0,38.0,23.0,48.0,40.0,54.0,62.0,69.0,29.0,13.0,54.0,18.0,48.0,30.0,74.0,46.0,57.0,57.0,45.0,47,0,0,1,0,0,0,0,47,28,1
59.0,12.0,42.0,76.0,4.0,46.0,19.0,35.0,7.0,38.0,23.0,48.0,40.0,54.0,62.0,69.0,29.0,13.0,54.0,18.0,48.0,30.0,74.0,46.0,57.0,57.0,45.0,47.0,45,0,0,0,0,0,1,0,45,31,1
12.0,42.0,76.0,4.0,46.0,19.0,35.0,7.0,38.0,23.0,48.0,40.0,54.0,62.0,69.0,29.0,13.0,54.0,18.0,48.0,30.0,74.0,46.0,57.0,57.0,45.0,47.0,45.0,31,1,0,0,0,0,0,0,31,3,2
42.0,76.0,4.0,46.0,19.0,35.0,7.0,38.0,23.0,48.0,40.0,54.0,62.0,69.0,29.0,13.0,54.0,18.0,48.0,30.0,74.0,46.0,57.0,57.0,45.0,47.0,45.0,31.0,68,0,1,0,0,0,0,0,68,6,2
76.0,4.0,46.0,19.0,35.0,7.0,38.0,23.0,48.0,40.0,54.0,62.0,69.0,29.0,13.0,54.0,18.0,48.0,30.0,74.0,46.0,57.0,57.0,45.0,47.0,45.0,31.0,68.0,14,0,0,0,0,1,0,0,14,9,2
4.0,46.0,19.0,35.0,7.0,38.0,23.0,48.0,40.0,54.0,62.0,69.0,29.0,13.0,54.0,18.0,48.0,30.0,74.0,46.0,57.0,57.0,45.0,47.0,45.0,31.0,68.0,14.0,60,0,0,0,1,0,0,0,60,12,2
46.0,19.0,35.0,7.0,38.0,23.0,48.0,40.0,54.0,62.0,69.0,29.0,13.0,54.0,18.0,48.0,30.0,74.0,46.0,57.0,57.0,45.0,47.0,45.0,31.0,68.0,14.0,60.0,10,0,0,0,0,0,0,1,10,15,2
19.0,35.0,7.0,38.0,23.0,48.0,40.0,54.0,62.0,69.0,29.0,13.0,54.0,18.0,48.0,30.0,74.0,46.0,57.0,57.0,45.0,47.0,45.0,31.0,68.0,14.0,60.0,10.0,33,0,0,1,0,0,0,0,33,18,2
35.0,7.0,38.0,23.0,48.0,40.0,54.0,62.0,69.0,29.0,13.0,54.0,18.0,48.0,30.0,74.0,46.0,57.0,57.0,45.0,47.0,45.0,31.0,68.0,14.0,60.0,10.0,33.0,54,0,0,0,0,0,1,0,54,21,2
7.0,38.0,23.0,48.0,40.0,54.0,62.0,69.0,29.0,13.0,54.0,18.0,48.0,30.0,74.0,46.0,57.0,57.0,45.0,47.0,45.0,31.0,68.0,14.0,60.0,10.0,33.0,54.0,35,1,0,0,0,0,0,0,35,24,2
38.0,23.0,48.0,40.0,54.0,62.0,69.0,29.0,13.0,54.0,18.0,48.0,30.0,74.0,46.0,57.0,57.0,45.0,47.0,45.0,31.0,68.0,14.0,60.0,10.0,33.0,54.0,35.0,39,0,0,0,0,0,0,1,39,1,3
23.0,48.0,40.0,54.0,62.0,69.0,29.0,13.0,54.0,18.0,48.0,30.0,74.0,46.0,57.0,57.0,45.0,47.0,45.0,31.0,68.0,14.0,60.0,10.0,33.0,54.0,35.0,39.0,39,0,0,0,0,1,0,0,39,2,3
48.0,40.0,54.0,62.0,69.0,29.0,13.0,54.0,18.0,48.0,30.0,74.0,46.0,57.0,57.0,45.0,47.0,45.0,31.0,68.0,14.0,60.0,10.0,33.0,54.0,35.0,39.0,39.0,40,1,0,0,0,0,0,0,40,3,3
40.0,54.0,62.0,69.0,29.0,13.0,54.0,18.0,48.0,30.0,74.0,46.0,57.0,57.0,45.0,47.0,45.0,31.0,68.0,14.0,60.0,10.0,33.0,54.0,35.0,39.0,39.0,40.0,39,0,0,1,0,0,0,0,39,4,3
54.0,62.0,69.0,29.0,13.0,54.0,18.0,48.0,30.0,74.0,46.0,57.0,57.0,45.0,47.0,45.0,31.0,68.0,14.0,60.0,10.0,33.0,54.0,35.0,39.0,39.0,40.0,39.0,34,0,0,0,1,0,0,0,34,5,3
62.0,69.0,29.0,13.0,54.0,18.0,48.0,30.0,74.0,46.0,57.0,57.0,45.0,47.0,45.0,31.0,68.0,14.0,60.0,10.0,33.0,54.0,35.0,39.0,39.0,40.0,39.0,34.0,30,0,1,0,0,0,0,0,30,6,3
69.0,29.0,13.0,54.0,18.0,48.0,30.0,74.0,46.0,57.0,57.0,45.0,47.0,45.0,31.0,68.0,14.0,60.0,10.0,33.0,54.0,35.0,39.0,39.0,40.0,39.0,34.0,30.0,38,0,0,0,0,0,1,0,38,7,3
29.0,13.0,54.0,18.0,48.0,30.0,74.0,46.0,57.0,57.0,45.0,47.0,45.0,31.0,68.0,14.0,60.0,10.0,33.0,54.0,35.0,39.0,39.0,40.0,39.0,34.0,30.0,38.0,44,0,0,0,0,0,0,1,44,8,3
13.0,54.0,18.0,48.0,30.0,74.0,46.0,57.0,57.0,45.0,47.0,45.0,31.0,68.0,14.0,60.0,10.0,33.0,54.0,35.0,39.0,39.0,40.0,39.0,34.0,30.0,38.0,44.0,40,0,0,0,0,1,0,0,40,9,3
54.0,18.0,48.0,30.0,74.0,46.0,57.0,57.0,45.0,47.0,45.0,31.0,68.0,14.0,60.0,10.0,33.0,54.0,35.0,39.0,39.0,40.0,39.0,34.0,30.0,38.0,44.0,40.0,40,1,0,0,0,0,0,0,40,10,3
18.0,48.0,30.0,74.0,46.0,57.0,57.0,45.0,47.0,45.0,31.0,68.0,14.0,60.0,10.0,33.0,54.0,35.0,39.0,39.0,40.0,39.0,34.0,30.0,38.0,44.0,40.0,40.0,41,0,0,1,0,0,0,0,41,11,3
48.0,30.0,74.0,46.0,57.0,57.0,45.0,47.0,45.0,31.0,68.0,14.0,60.0,10.0,33.0,54.0,35.0,39.0,39.0,40.0,39.0,34.0,30.0,38.0,44.0,40.0,40.0,41.0,43,0,0,0,1,0,0,0,43,12,3
30.0,74.0,46.0,57.0,57.0,45.0,47.0,45.0,31.0,68.0,14.0,60.0,10.0,33.0,54.0,35.0,39.0,39.0,40.0,39.0,34.0,30.0,38.0,44.0,40.0,40.0,41.0,43.0,33,0,1,0,0,0,0,0,33,13,3
74.0,46.0,57.0,57.0,45.0,47.0,45.0,31.0,68.0,14.0,60.0,10.0,33.0,54.0,35.0,39.0,39.0,40.0,39.0,34.0,30.0,38.0,44.0,40.0,40.0,41.0,43.0,33.0,41,0,0,0,0,0,1,0,41,14,3
46.0,57.0,57.0,45.0,47.0,45.0,31.0,68.0,14.0,60.0,10.0,33.0,54.0,35.0,39.0,39.0,40.0,39.0,34.0,30.0,38.0,44.0,40.0,40.0,41.0,43.0,33.0,41.0,45,0,0,0,0,0,0,1,45,15,3
57.0,57.0,45.0,47.0,45.0,31.0,68.0,14.0,60.0,10.0,33.0,54.0,35.0,39.0,39.0,40.0,39.0,34.0,30.0,38.0,44.0,40.0,40.0,41.0,43.0,33.0,41.0,45.0,46,0,0,0,0,1,0,0,46,16,3
57.0,45.0,47.0,45.0,31.0,68.0,14.0,60.0,10.0,33.0,54.0,35.0,39.0,39.0,40.0,39.0,34.0,30.0,38.0,44.0,40.0,40.0,41.0,43.0,33.0,41.0,45.0,46.0,59,1,0,0,0,0,0,0,59,17,3
45.0,47.0,45.0,31.0,68.0,14.0,60.0,10.0,33.0,54.0,35.0,39.0,39.0,40.0,39.0,34.0,30.0,38.0,44.0,40.0,40.0,41.0,43.0,33.0,41.0,45.0,46.0,59.0,33,0,0,1,0,0,0,0,33,18,3
47.0,45.0,31.0,68.0,14.0,60.0,10.0,33.0,54.0,35.0,39.0,39.0,40.0,39.0,34.0,30.0,38.0,44.0,40.0,40.0,41.0,43.0,33.0,41.0,45.0,46.0,59.0,33.0,48,0,0,0,1,0,0,0,48,19,3
45.0,31.0,68.0,14.0,60.0,10.0,33.0,54.0,35.0,39.0,39.0,40.0,39.0,34.0,30.0,38.0,44.0,40.0,40.0,41.0,43.0,33.0,41.0,45.0,46.0,59.0,33.0,48.0,67,0,1,0,0,0,0,0,67,20,3
31.0,68.0,14.0,60.0,10.0,33.0,54.0,35.0,39.0,39.0,40.0,39.0,34.0,30.0,38.0,44.0,40.0,40.0,41.0,43.0,33.0,41.0,45.0,46.0,59.0,33.0,48.0,67.0,45,0,0,0,0,0,1,0,45,21,3
68.0,14.0,60.0,10.0,33.0,54.0,35.0,39.0,39.0,40.0,39.0,34.0,30.0,38.0,44.0,40.0,40.0,41.0,43.0,33.0,41.0,45.0,46.0,59.0,33.0,48.0,67.0,45.0,41,0,0,0,0,0,0,1,41,22,3
14.0,60.0,10.0,33.0,54.0,35.0,39.0,39.0,40.0,39.0,34.0,30.0,38.0,44.0,40.0,40.0,41.0,43.0,33.0,41.0,45.0,46.0,59.0,33.0,48.0,67.0,45.0,41.0,39,0,0,0,0,1,0,0,39,23,3
60.0,10.0,33.0,54.0,35.0,39.0,39.0,40.0,39.0,34.0,30.0,38.0,44.0,40.0,40.0,41.0,43.0,33.0,41.0,45.0,46.0,59.0,33.0,48.0,67.0,45.0,41.0,39.0,54,1,0,0,0,0,0,0,54,24,3
10.0,33.0,54.0,35.0,39.0,39.0,40.0,39.0,34.0,30.0,38.0,44.0,40.0,40.0,41.0,43.0,33.0,41.0,45.0,46.0,59.0,33.0,48.0,67.0,45.0,41.0,39.0,54.0,31,0,0,1,0,0,0,0,31,25,3
33.0,54.0,35.0,39.0,39.0,40.0,39.0,34.0,30.0,38.0,44.0,40.0,40.0,41.0,43.0,33.0,41.0,45.0,46.0,59.0,33.0,48.0,67.0,45.0,41.0,39.0,54.0,31.0,51,0,0,0,1,0,0,0,51,26,3
54.0,35.0,39.0,39.0,40.0,39.0,34.0,30.0,38.0,44.0,40.0,40.0,41.0,43.0,33.0,41.0,45.0,46.0,59.0,33.0,48.0,67.0,45.0,41.0,39.0,54.0,31.0,51.0,27,0,1,0,0,0,0,0,27,27,3
35.0,39.0,39.0,40.0,39.0,34.0,30.0,38.0,44.0,40.0,40.0,41.0,43.0,33.0,41.0,45.0,46.0,59.0,33.0,48.0,67.0,45.0,41.0,39.0,54.0,31.0,51.0,27.0,31,0,0,0,0,0,1,0,31,28,3
39.0,39.0,40.0,39.0,34.0,30.0,38.0,44.0,40.0,40.0,41.0,43.0,33.0,41.0,45.0,46.0,59.0,33.0,48.0,67.0,45.0,41.0,39.0,54.0,31.0,51.0,27.0,31.0,39,0,0,0,0,0,0,1,39,29,3
39.0,40.0,39.0,34.0,30.0,38.0,44.0,40.0,40.0,41.0,43.0,33.0,41.0,45.0,46.0,59.0,33.0,48.0,67.0,45.0,41.0,39.0,54.0,31.0,51.0,27.0,31.0,39.0,31,0,0,0,0,1,0,0,31,30,3
40.0,39.0,34.0,30.0,38.0,44.0,40.0,40.0,41.0,43.0,33.0,41.0,45.0,46.0,59.0,33.0,48.0,67.0,45.0,41.0,39.0,54.0,31.0,51.0,27.0,31.0,39.0,31.0,37,1,0,0,0,0,0,0,37,31,3
39.0,34.0,30.0,38.0,44.0,40.0,40.0,41.0,43.0,33.0,41.0,45.0,46.0,59.0,33.0,48.0,67.0,45.0,41.0,39.0,54.0,31.0,51.0,27.0,31.0,39.0,31.0,37.0,49,0,0,1,0,0,0,0,49,1,4
34.0,30.0,38.0,44.0,40.0,40.0,41.0,43.0,33.0,41.0,45.0,46.0,59.0,33.0,48.0,67.0,45.0,41.0,39.0,54.0,31.0,51.0,27.0,31.0,39.0,31.0,37.0,49.0,44,0,0,0,1,0,0,0,44,2,4
30.0,38.0,44.0,40.0,40.0,41.0,43.0,33.0,41.0,45.0,46.0,59.0,33.0,48.0,67.0,45.0,41.0,39.0,54.0,31.0,51.0,27.0,31.0,39.0,31.0,37.0,49.0,44.0,33,0,1,0,0,0,0,0,33,3,4
38.0,44.0,40.0,40.0,41.0,43.0,33.0,41.0,45.0,46.0,59.0,33.0,48.0,67.0,45.0,41.0,39.0,54.0,31.0,51.0,27.0,31.0,39.0,31.0,37.0,49.0,44.0,33.0,38,0,0,0,0,0,1,0,38,4,4
44.0,40.0,40.0,41.0,43.0,33.0,41.0,45.0,46.0,59.0,33.0,48.0,67.0,45.0,41.0,39.0,54.0,31.0,51.0,27.0,31.0,39.0,31.0,37.0,49.0,44.0,33.0,38.0,33,0,0,0,0,0,0,1,33,5,4
40.0,40.0,41.0,43.0,33.0,41.0,45.0,46.0,59.0,33.0,48.0,67.0,45.0,41.0,39.0,54.0,31.0,51.0,27.0,31.0,39.0,31.0,37.0,49.0,44.0,33.0,38.0,33.0,45,1,0,0,0,0,0,0,45,7,4
40.0,41.0,43.0,33.0,41.0,45.0,46.0,59.0,33.0,48.0,67.0,45.0,41.0,39.0,54.0,31.0,51.0,27.0,31.0,39.0,31.0,37.0,49.0,44.0,33.0,38.0,33.0,45.0,49,0,0,1,0,0,0,0,49,8,4
41.0,43.0,33.0,41.0,45.0,46.0,59.0,33.0,48.0,67.0,45.0,41.0,39.0,54.0,31.0,51.0,27.0,31.0,39.0,31.0,37.0,49.0,44.0,33.0,38.0,33.0,45.0,49.0,67,0,0,0,1,0,0,0,67,9,4
43.0,33.0,41.0,45.0,46.0,59.0,33.0,48.0,67.0,45.0,41.0,39.0,54.0,31.0,51.0,27.0,31.0,39.0,31.0,37.0,49.0,44.0,33.0,38.0,33.0,45.0,49.0,67.0,46,0,1,0,0,0,0,0,46,10,4
33.0,41.0,45.0,46.0,59.0,33.0,48.0,67.0,45.0,41.0,39.0,54.0,31.0,51.0,27.0,31.0,39.0,31.0,37.0,49.0,44.0,33.0,38.0,33.0,45.0,49.0,67.0,46.0,32,0,0,0,0,0,1,0,32,11,4
41.0,45.0,46.0,59.0,33.0,48.0,67.0,45.0,41.0,39.0,54.0,31.0,51.0,27.0,31.0,39.0,31.0,37.0,49.0,44.0,33.0,38.0,33.0,45.0,49.0,67.0,46.0,32.0,39,0,0,0,0,0,0,1,39,12,4
45.0,46.0,59.0,33.0,48.0,67.0,45.0,41.0,39.0,54.0,31.0,51.0,27.0,31.0,39.0,31.0,37.0,49.0,44.0,33.0,38.0,33.0,45.0,49.0,67.0,46.0,32.0,39.0,39,0,0,0,0,1,0,0,39,13,4
46.0,59.0,33.0,48.0,67.0,45.0,41.0,39.0,54.0,31.0,51.0,27.0,31.0,39.0,31.0,37.0,49.0,44.0,33.0,38.0,33.0,45.0,49.0,67.0,46.0,32.0,39.0,39.0,47,1,0,0,0,0,0,0,47,14,4
59.0,33.0,48.0,67.0,45.0,41.0,39.0,54.0,31.0,51.0,27.0,31.0,39.0,31.0,37.0,49.0,44.0,33.0,38.0,33.0,45.0,49.0,67.0,46.0,32.0,39.0,39.0,47.0,51,0,0,0,1,0,0,0,51,16,4
33.0,48.0,67.0,45.0,41.0,39.0,54.0,31.0,51.0,27.0,31.0,39.0,31.0,37.0,49.0,44.0,33.0,38.0,33.0,45.0,49.0,67.0,46.0,32.0,39.0,39.0,47.0,51.0,37,0,1,0,0,0,0,0,37,17,4
48.0,67.0,45.0,41.0,39.0,54.0,31.0,51.0,27.0,31.0,39.0,31.0,37.0,49.0,44.0,33.0,38.0,33.0,45.0,49.0,67.0,46.0,32.0,39.0,39.0,47.0,51.0,37.0,40,0,0,0,0,0,1,0,40,18,4
67.0,45.0,41.0,39.0,54.0,31.0,51.0,27.0,31.0,39.0,31.0,37.0,49.0,44.0,33.0,38.0,33.0,45.0,49.0,67.0,46.0,32.0,39.0,39.0,47.0,51.0,37.0,40.0,33,0,0,0,0,0,0,1,33,19,4
45.0,41.0,39.0,54.0,31.0,51.0,27.0,31.0,39.0,31.0,37.0,49.0,44.0,33.0,38.0,33.0,45.0,49.0,67.0,46.0,32.0,39.0,39.0,47.0,51.0,37.0,40.0,33.0,26,0,0,0,0,1,0,0,26,20,4
41.0,39.0,54.0,31.0,51.0,27.0,31.0,39.0,31.0,37.0,49.0,44.0,33.0,38.0,33.0,45.0,49.0,67.0,46.0,32.0,39.0,39.0,47.0,51.0,37.0,40.0,33.0,26.0,30,1,0,0,0,0,0,0,30,21,4
39.0,54.0,31.0,51.0,27.0,31.0,39.0,31.0,37.0,49.0,44.0,33.0,38.0,33.0,45.0,49.0,67.0,46.0,32.0,39.0,39.0,47.0,51.0,37.0,40.0,33.0,26.0,30.0,43,0,0,1,0,0,0,0,43,22,4
54.0,31.0,51.0,27.0,31.0,39.0,31.0,37.0,49.0,44.0,33.0,38.0,33.0,45.0,49.0,67.0,46.0,32.0,39.0,39.0,47.0,51.0,37.0,40.0,33.0,26.0,30.0,43.0,49,0,0,0,1,0,0,0,49,23,4
31.0,51.0,27.0,31.0,39.0,31.0,37.0,49.0,44.0,33.0,38.0,33.0,45.0,49.0,67.0,46.0,32.0,39.0,39.0,47.0,51.0,37.0,40.0,33.0,26.0,30.0,43.0,49.0,51,0,1,0,0,0,0,0,51,24,4
51.0,27.0,31.0,39.0,31.0,37.0,49.0,44.0,33.0,38.0,33.0,45.0,49.0,67.0,46.0,32.0,39.0,39.0,47.0,51.0,37.0,40.0,33.0,26.0,30.0,43.0,49.0,51.0,44,0,0,0,0,0,1,0,44,25,4
27.0,31.0,39.0,31.0,37.0,49.0,44.0,33.0,38.0,33.0,45.0,49.0,67.0,46.0,32.0,39.0,39.0,47.0,51.0,37.0,40.0,33.0,26.0,30.0,43.0,49.0,51.0,44.0,43,0,0,0,0,0,0,1,43,26,4
31.0,39.0,31.0,37.0,49.0,44.0,33.0,38.0,33.0,45.0,49.0,67.0,46.0,32.0,39.0,39.0,47.0,51.0,37.0,40.0,33.0,26.0,30.0,43.0,49.0,51.0,44.0,43.0,43,0,0,0,0,1,0,0,43,27,4
39.0,31.0,37.0,49.0,44.0,33.0,38.0,33.0,45.0,49.0,67.0,46.0,32.0,39.0,39.0,47.0,51.0,37.0,40.0,33.0,26.0,30.0,43.0,49.0,51.0,44.0,43.0,43.0,37,1,0,0,0,0,0,0,37,28,4
31.0,37.0,49.0,44.0,33.0,38.0,33.0,45.0,49.0,67.0,46.0,32.0,39.0,39.0,47.0,51.0,37.0,40.0,33.0,26.0,30.0,43.0,49.0,51.0,44.0,43.0,43.0,37.0,40,0,0,1,0,0,0,0,40,29,4
37.0,49.0,44.0,33.0,38.0,33.0,45.0,49.0,67.0,46.0,32.0,39.0,39.0,47.0,51.0,37.0,40.0,33.0,26.0,30.0,43.0,49.0,51.0,44.0,43.0,43.0,37.0,40.0,27,0,0,0,1,0,0,0,27,30,4
49.0,44.0,33.0,38.0,33.0,45.0,49.0,67.0,46.0,32.0,39.0,39.0,47.0,51.0,37.0,40.0,33.0,26.0,30.0,43.0,49.0,51.0,44.0,43.0,43.0,37.0,40.0,27.0,41,0,1,0,0,0,0,0,41,1,5
44.0,33.0,38.0,33.0,45.0,49.0,67.0,46.0,32.0,39.0,39.0,47.0,51.0,37.0,40.0,33.0,26.0,30.0,43.0,49.0,51.0,44.0,43.0,43.0,37.0,40.0,27.0,41.0,34,0,0,0,0,0,1,0,34,2,5
33.0,38.0,33.0,45.0,49.0,67.0,46.0,32.0,39.0,39.0,47.0,51.0,37.0,40.0,33.0,26.0,30.0,43.0,49.0,51.0,44.0,43.0,43.0,37.0,40.0,27.0,41.0,34.0,42,0,0,0,0,0,0,1,42,3,5
38.0,33.0,45.0,49.0,67.0,46.0,32.0,39.0,39.0,47.0,51.0,37.0,40.0,33.0,26.0,30.0,43.0,49.0,51.0,44.0,43.0,43.0,37.0,40.0,27.0,41.0,34.0,42.0,36,0,0,0,0,1,0,0,36,4,5
33.0,45.0,49.0,67.0,46.0,32.0,39.0,39.0,47.0,51.0,37.0,40.0,33.0,26.0,30.0,43.0,49.0,51.0,44.0,43.0,43.0,37.0,40.0,27.0,41.0,34.0,42.0,36.0,36,1,0,0,0,0,0,0,36,5,5
45.0,49.0,67.0,46.0,32.0,39.0,39.0,47.0,51.0,37.0,40.0,33.0,26.0,30.0,43.0,49.0,51.0,44.0,43.0,43.0,37.0,40.0,27.0,41.0,34.0,42.0,36.0,36.0,36,0,0,1,0,0,0,0,36,6,5
49.0,67.0,46.0,32.0,39.0,39.0,47.0,51.0,37.0,40.0,33.0,26.0,30.0,43.0,49.0,51.0,44.0,43.0,43.0,37.0,40.0,27.0,41.0,34.0,42.0,36.0,36.0,36.0,40,0,0,0,1,0,0,0,40,7,5
67.0,46.0,32.0,39.0,39.0,47.0,51.0,37.0,40.0,33.0,26.0,30.0,43.0,49.0,51.0,44.0,43.0,43.0,37.0,40.0,27.0,41.0,34.0,42.0,36.0,36.0,36.0,40.0,44,0,1,0,0,0,0,0,44,8,5
46.0,32.0,39.0,39.0,47.0,51.0,37.0,40.0,33.0,26.0,30.0,43.0,49.0,51.0,44.0,43.0,43.0,37.0,40.0,27.0,41.0,34.0,42.0,36.0,36.0,36.0,40.0,44.0,44,0,0,0,0,0,1,0,44,9,5
32.0,39.0,39.0,47.0,51.0,37.0,40.0,33.0,26.0,30.0,43.0,49.0,51.0,44.0,43.0,43.0,37.0,40.0,27.0,41.0,34.0,42.0,36.0,36.0,36.0,40.0,44.0,44.0,47,0,0,0,0,0,0,1,47,10,5
39.0,39.0,47.0,51.0,37.0,40.0,33.0,26.0,30.0,43.0,49.0,51.0,44.0,43.0,43.0,37.0,40.0,27.0,41.0,34.0,42.0,36.0,36.0,36.0,40.0,44.0,44.0,47.0,32,0,0,0,0,1,0,0,32,11,5
39.0,47.0,51.0,37.0,40.0,33.0,26.0,30.0,43.0,49.0,51.0,44.0,43.0,43.0,37.0,40.0,27.0,41.0,34.0,42.0,36.0,36.0,36.0,40.0,44.0,44.0,47.0,32.0,44,1,0,0,0,0,0,0,44,12,5
47.0,51.0,37.0,40.0,33.0,26.0,30.0,43.0,49.0,51.0,44.0,43.0,43.0,37.0,40.0,27.0,41.0,34.0,42.0,36.0,36.0,36.0,40.0,44.0,44.0,47.0,32.0,44.0,58,0,0,1,0,0,0,0,58,13,5
51.0,37.0,40.0,33.0,26.0,30.0,43.0,49.0,51.0,44.0,43.0,43.0,37.0,40.0,27.0,41.0,34.0,42.0,36.0,36.0,36.0,40.0,44.0,44.0,47.0,32.0,44.0,58.0,38,0,0,0,1,0,0,0,38,14,5
37.0,40.0,33.0,26.0,30.0,43.0,49.0,51.0,44.0,43.0,43.0,37.0,40.0,27.0,41.0,34.0,42.0,36.0,36.0,36.0,40.0,44.0,44.0,47.0,32.0,44.0,58.0,38.0,32,0,1,0,0,0,0,0,32,15,5
40.0,33.0,26.0,30.0,43.0,49.0,51.0,44.0,43.0,43.0,37.0,40.0,27.0,41.0,34.0,42.0,36.0,36.0,36.0,40.0,44.0,44.0,47.0,32.0,44.0,58.0,38.0,32.0,35,0,0,0,0,0,1,0,35,16,5
33.0,26.0,30.0,43.0,49.0,51.0,44.0,43.0,43.0,37.0,40.0,27.0,41.0,34.0,42.0,36.0,36.0,36.0,40.0,44.0,44.0,47.0,32.0,44.0,58.0,38.0,32.0,35.0,58,0,0,0,0,0,0,1,58,17,5
26.0,30.0,43.0,49.0,51.0,44.0,43.0,43.0,37.0,40.0,27.0,41.0,34.0,42.0,36.0,36.0,36.0,40.0,44.0,44.0,47.0,32.0,44.0,58.0,38.0,32.0,35.0,58.0,64,0,0,0,0,1,0,0,64,18,5
30.0,43.0,49.0,51.0,44.0,43.0,43.0,37.0,40.0,27.0,41.0,34.0,42.0,36.0,36.0,36.0,40.0,44.0,44.0,47.0,32.0,44.0,58.0,38.0,32.0,35.0,58.0,64.0,30,1,0,0,0,0,0,0,30,19,5
43.0,49.0,51.0,44.0,43.0,43.0,37.0,40.0,27.0,41.0,34.0,42.0,36.0,36.0,36.0,40.0,44.0,44.0,47.0,32.0,44.0,58.0,38.0,32.0,35.0,58.0,64.0,30.0,31,0,0,1,0,0,0,0,31,20,5
49.0,51.0,44.0,43.0,43.0,37.0,40.0,27.0,41.0,34.0,42.0,36.0,36.0,36.0,40.0,44.0,44.0,47.0,32.0,44.0,58.0,38.0,32.0,35.0,58.0,64.0,30.0,31.0,34,0,0,0,1,0,0,0,34,21,5
51.0,44.0,43.0,43.0,37.0,40.0,27.0,41.0,34.0,42.0,36.0,36.0,36.0,40.0,44.0,44.0,47.0,32.0,44.0,58.0,38.0,32.0,35.0,58.0,64.0,30.0,31.0,34.0,48,0,1,0,0,0,0,0,48,22,5
44.0,43.0,43.0,37.0,40.0,27.0,41.0,34.0,42.0,36.0,36.0,36.0,40.0,44.0,44.0,47.0,32.0,44.0,58.0,38.0,32.0,35.0,58.0,64.0,30.0,31.0,34.0,48.0,64,0,0,0,0,0,1,0,64,23,5
43.0,43.0,37.0,40.0,27.0,41.0,34.0,42.0,36.0,36.0,36.0,40.0,44.0,44.0,47.0,32.0,44.0,58.0,38.0,32.0,35.0,58.0,64.0,30.0,31.0,34.0,48.0,64.0,32,0,0,0,0,0,0,1,32,24,5
43.0,37.0,40.0,27.0,41.0,34.0,42.0,36.0,36.0,36.0,40.0,44.0,44.0,47.0,32.0,44.0,58.0,38.0,32.0,35.0,58.0,64.0,30.0,31.0,34.0,48.0,64.0,32.0,29,0,0,0,0,1,0,0,29,25,5
37.0,40.0,27.0,41.0,34.0,42.0,36.0,36.0,36.0,40.0,44.0,44.0,47.0,32.0,44.0,58.0,38.0,32.0,35.0,58.0,64.0,30.0,31.0,34.0,48.0,64.0,32.0,29.0,34,1,0,0,0,0,0,0,34,26,5
40.0,27.0,41.0,34.0,42.0,36.0,36.0,36.0,40.0,44.0,44.0,47.0,32.0,44.0,58.0,38.0,32.0,35.0,58.0,64.0,30.0,31.0,34.0,48.0,64.0,32.0,29.0,34.0,58,0,0,1,0,0,0,0,58,27,5
27.0,41.0,34.0,42.0,36.0,36.0,36.0,40.0,44.0,44.0,47.0,32.0,44.0,58.0,38.0,32.0,35.0,58.0,64.0,30.0,31.0,34.0,48.0,64.0,32.0,29.0,34.0,58.0,44,0,0,0,1,0,0,0,44,28,5
41.0,34.0,42.0,36.0,36.0,36.0,40.0,44.0,44.0,47.0,32.0,44.0,58.0,38.0,32.0,35.0,58.0,64.0,30.0,31.0,34.0,48.0,64.0,32.0,29.0,34.0,58.0,44.0,46,0,1,0,0,0,0,0,46,29,5
34.0,42.0,36.0,36.0,36.0,40.0,44.0,44.0,47.0,32.0,44.0,58.0,38.0,32.0,35.0,58.0,64.0,30.0,31.0,34.0,48.0,64.0,32.0,29.0,34.0,58.0,44.0,46.0,44,0,0,0,0,0,1,0,44,30,5
42.0,36.0,36.0,36.0,40.0,44.0,44.0,47.0,32.0,44.0,58.0,38.0,32.0,35.0,58.0,64.0,30.0,31.0,34.0,48.0,64.0,32.0,29.0,34.0,58.0,44.0,46.0,44.0,42,0,0,0,0,0,0,1,42,31,5
36.0,36.0,36.0,40.0,44.0,44.0,47.0,32.0,44.0,58.0,38.0,32.0,35.0,58.0,64.0,30.0,31.0,34.0,48.0,64.0,32.0,29.0,34.0,58.0,44.0,46.0,44.0,42.0,44,0,0,0,0,1,0,0,44,1,6
36.0,36.0,40.0,44.0,44.0,47.0,32.0,44.0,58.0,38.0,32.0,35.0,58.0,64.0,30.0,31.0,34.0,48.0,64.0,32.0,29.0,34.0,58.0,44.0,46.0,44.0,42.0,44.0,58,1,0,0,0,0,0,0,58,2,6
36.0,40.0,44.0,44.0,47.0,32.0,44.0,58.0,38.0,32.0,35.0,58.0,64.0,30.0,31.0,34.0,48.0,64.0,32.0,29.0,34.0,58.0,44.0,46.0,44.0,42.0,44.0,58.0,54,0,0,1,0,0,0,0,54,3,6
40.0,44.0,44.0,47.0,32.0,44.0,58.0,38.0,32.0,35.0,58.0,64.0,30.0,31.0,34.0,48.0,64.0,32.0,29.0,34.0,58.0,44.0,46.0,44.0,42.0,44.0,58.0,54.0,84,0,0,0,1,0,0,0,84,4,6
44.0,44.0,47.0,32.0,44.0,58.0,38.0,32.0,35.0,58.0,64.0,30.0,31.0,34.0,48.0,64.0,32.0,29.0,34.0,58.0,44.0,46.0,44.0,42.0,44.0,58.0,54.0,84.0,36,0,1,0,0,0,0,0,36,5,6
44.0,47.0,32.0,44.0,58.0,38.0,32.0,35.0,58.0,64.0,30.0,31.0,34.0,48.0,64.0,32.0,29.0,34.0,58.0,44.0,46.0,44.0,42.0,44.0,58.0,54.0,84.0,36.0,29,0,0,0,0,0,1,0,29,6,6
47.0,32.0,44.0,58.0,38.0,32.0,35.0,58.0,64.0,30.0,31.0,34.0,48.0,64.0,32.0,29.0,34.0,58.0,44.0,46.0,44.0,42.0,44.0,58.0,54.0,84.0,36.0,29.0,39,0,0,0,0,0,0,1,39,7,6
32.0,44.0,58.0,38.0,32.0,35.0,58.0,64.0,30.0,31.0,34.0,48.0,64.0,32.0,29.0,34.0,58.0,44.0,46.0,44.0,42.0,44.0,58.0,54.0,84.0,36.0,29.0,39.0,46,0,0,0,0,1,0,0,46,8,6
44.0,58.0,38.0,32.0,35.0,58.0,64.0,30.0,31.0,34.0,48.0,64.0,32.0,29.0,34.0,58.0,44.0,46.0,44.0,42.0,44.0,58.0,54.0,84.0,36.0,29.0,39.0,46.0,47,1,0,0,0,0,0,0,47,9,6
58.0,38.0,32.0,35.0,58.0,64.0,30.0,31.0,34.0,48.0,64.0,32.0,29.0,34.0,58.0,44.0,46.0,44.0,42.0,44.0,58.0,54.0,84.0,36.0,29.0,39.0,46.0,47.0,97,0,0,1,0,0,0,0,97,10,6
38.0,32.0,35.0,58.0,64.0,30.0,31.0,34.0,48.0,64.0,32.0,29.0,34.0,58.0,44.0,46.0,44.0,42.0,44.0,58.0,54.0,84.0,36.0,29.0,39.0,46.0,47.0,97.0,77,0,0,0,1,0,0,0,77,11,6
32.0,35.0,58.0,64.0,30.0,31.0,34.0,48.0,64.0,32.0,29.0,34.0,58.0,44.0,46.0,44.0,42.0,44.0,58.0,54.0,84.0,36.0,29.0,39.0,46.0,47.0,97.0,77.0,71,0,1,0,0,0,0,0,71,12,6
35.0,58.0,64.0,30.0,31.0,34.0,48.0,64.0,32.0,29.0,34.0,58.0,44.0,46.0,44.0,42.0,44.0,58.0,54.0,84.0,36.0,29.0,39.0,46.0,47.0,97.0,77.0,71.0,77,0,0,0,0,0,1,0,77,13,6
58.0,64.0,30.0,31.0,34.0,48.0,64.0,32.0,29.0,34.0,58.0,44.0,46.0,44.0,42.0,44.0,58.0,54.0,84.0,36.0,29.0,39.0,46.0,47.0,97.0,77.0,71.0,77.0,48,0,0,0,0,0,0,1,48,14,6
64.0,30.0,31.0,34.0,48.0,64.0,32.0,29.0,34.0,58.0,44.0,46.0,44.0,42.0,44.0,58.0,54.0,84.0,36.0,29.0,39.0,46.0,47.0,97.0,77.0,71.0,77.0,48.0,47,0,0,0,0,1,0,0,47,15,6
30.0,31.0,34.0,48.0,64.0,32.0,29.0,34.0,58.0,44.0,46.0,44.0,42.0,44.0,58.0,54.0,84.0,36.0,29.0,39.0,46.0,47.0,97.0,77.0,71.0,77.0,48.0,47.0,64,1,0,0,0,0,0,0,64,16,6
31.0,34.0,48.0,64.0,32.0,29.0,34.0,58.0,44.0,46.0,44.0,42.0,44.0,58.0,54.0,84.0,36.0,29.0,39.0,46.0,47.0,97.0,77.0,71.0,77.0,48.0,47.0,64.0,64,0,0,1,0,0,0,0,64,17,6
34.0,48.0,64.0,32.0,29.0,34.0,58.0,44.0,46.0,44.0,42.0,44.0,58.0,54.0,84.0,36.0,29.0,39.0,46.0,47.0,97.0,77.0,71.0,77.0,48.0,47.0,64.0,64.0,44,0,0,0,1,0,0,0,44,18,6
48.0,64.0,32.0,29.0,34.0,58.0,44.0,46.0,44.0,42.0,44.0,58.0,54.0,84.0,36.0,29.0,39.0,46.0,47.0,97.0,77.0,71.0,77.0,48.0,47.0,64.0,64.0,44.0,34,0,1,0,0,0,0,0,34,19,6
64.0,32.0,29.0,34.0,58.0,44.0,46.0,44.0,42.0,44.0,58.0,54.0,84.0,36.0,29.0,39.0,46.0,47.0,97.0,77.0,71.0,77.0,48.0,47.0,64.0,64.0,44.0,34.0,39,0,0,0,0,0,1,0,39,20,6
32.0,29.0,34.0,58.0,44.0,46.0,44.0,42.0,44.0,58.0,54.0,84.0,36.0,29.0,39.0,46.0,47.0,97.0,77.0,71.0,77.0,48.0,47.0,64.0,64.0,44.0,34.0,39.0,44,0,0,0,0,0,0,1,44,21,6
29.0,34.0,58.0,44.0,46.0,44.0,42.0,44.0,58.0,54.0,84.0,36.0,29.0,39.0,46.0,47.0,97.0,77.0,71.0,77.0,48.0,47.0,64.0,64.0,44.0,34.0,39.0,44.0,44,0,0,0,0,1,0,0,44,22,6
34.0,58.0,44.0,46.0,44.0,42.0,44.0,58.0,54.0,84.0,36.0,29.0,39.0,46.0,47.0,97.0,77.0,71.0,77.0,48.0,47.0,64.0,64.0,44.0,34.0,39.0,44.0,44.0,36,1,0,0,0,0,0,0,36,23,6
58.0,44.0,46.0,44.0,42.0,44.0,58.0,54.0,84.0,36.0,29.0,39.0,46.0,47.0,97.0,77.0,71.0,77.0,48.0,47.0,64.0,64.0,44.0,34.0,39.0,44.0,44.0,36.0,35,0,0,1,0,0,0,0,35,24,6
44.0,46.0,44.0,42.0,44.0,58.0,54.0,84.0,36.0,29.0,39.0,46.0,47.0,97.0,77.0,71.0,77.0,48.0,47.0,64.0,64.0,44.0,34.0,39.0,44.0,44.0,36.0,35.0,32,0,0,0,1,0,0,0,32,25,6
46.0,44.0,42.0,44.0,58.0,54.0,84.0,36.0,29.0,39.0,46.0,47.0,97.0,77.0,71.0,77.0,48.0,47.0,64.0,64.0,44.0,34.0,39.0,44.0,44.0,36.0,35.0,32.0,34,0,1,0,0,0,0,0,34,26,6
44.0,42.0,44.0,58.0,54.0,84.0,36.0,29.0,39.0,46.0,47.0,97.0,77.0,71.0,77.0,48.0,47.0,64.0,64.0,44.0,34.0,39.0,44.0,44.0,36.0,35.0,32.0,34.0,34,0,0,0,0,0,1,0,34,27,6
42.0,44.0,58.0,54.0,84.0,36.0,29.0,39.0,46.0,47.0,97.0,77.0,71.0,77.0,48.0,47.0,64.0,64.0,44.0,34.0,39.0,44.0,44.0,36.0,35.0,32.0,34.0,34.0,48,0,0,0,0,0,0,1,48,28,6
44.0,58.0,54.0,84.0,36.0,29.0,39.0,46.0,47.0,97.0,77.0,71.0,77.0,48.0,47.0,64.0,64.0,44.0,34.0,39.0,44.0,44.0,36.0,35.0,32.0,34.0,34.0,48.0,71,0,0,0,0,1,0,0,71,29,6
58.0,54.0,84.0,36.0,29.0,39.0,46.0,47.0,97.0,77.0,71.0,77.0,48.0,47.0,64.0,64.0,44.0,34.0,39.0,44.0,44.0,36.0,35.0,32.0,34.0,34.0,48.0,71.0,44,1,0,0,0,0,0,0,44,30,6
54.0,84.0,36.0,29.0,39.0,46.0,47.0,97.0,77.0,71.0,77.0,48.0,47.0,64.0,64.0,44.0,34.0,39.0,44.0,44.0,36.0,35.0,32.0,34.0,34.0,48.0,71.0,44.0,43,0,0,1,0,0,0,0,43,1,7
84.0,36.0,29.0,39.0,46.0,47.0,97.0,77.0,71.0,77.0,48.0,47.0,64.0,64.0,44.0,34.0,39.0,44.0,44.0,36.0,35.0,32.0,34.0,34.0,48.0,71.0,44.0,43.0,43,0,0,0,1,0,0,0,43,2,7
36.0,29.0,39.0,46.0,47.0,97.0,77.0,71.0,77.0,48.0,47.0,64.0,64.0,44.0,34.0,39.0,44.0,44.0,36.0,35.0,32.0,34.0,34.0,48.0,71.0,44.0,43.0,43.0,48,0,1,0,0,0,0,0,48,3,7
29.0,39.0,46.0,47.0,97.0,77.0,71.0,77.0,48.0,47.0,64.0,64.0,44.0,34.0,39.0,44.0,44.0,36.0,35.0,32.0,34.0,34.0,48.0,71.0,44.0,43.0,43.0,48.0,41,0,0,0,0,0,1,0,41,4,7
39.0,46.0,47.0,97.0,77.0,71.0,77.0,48.0,47.0,64.0,64.0,44.0,34.0,39.0,44.0,44.0,36.0,35.0,32.0,34.0,34.0,48.0,71.0,44.0,43.0,43.0,48.0,41.0,58,0,0,0,0,0,0,1,58,5,7
46.0,47.0,97.0,77.0,71.0,77.0,48.0,47.0,64.0,64.0,44.0,34.0,39.0,44.0,44.0,36.0,35.0,32.0,34.0,34.0,48.0,71.0,44.0,43.0,43.0,48.0,41.0,58.0,147,0,0,0,0,1,0,0,147,6,7
47.0,97.0,77.0,71.0,77.0,48.0,47.0,64.0,64.0,44.0,34.0,39.0,44.0,44.0,36.0,35.0,32.0,34.0,34.0,48.0,71.0,44.0,43.0,43.0,48.0,41.0,58.0,147.0,67,1,0,0,0,0,0,0,67,7,7
97.0,77.0,71.0,77.0,48.0,47.0,64.0,64.0,44.0,34.0,39.0,44.0,44.0,36.0,35.0,32.0,34.0,34.0,48.0,71.0,44.0,43.0,43.0,48.0,41.0,58.0,147.0,67.0,30,0,0,1,0,0,0,0,30,8,7
77.0,71.0,77.0,48.0,47.0,64.0,64.0,44.0,34.0,39.0,44.0,44.0,36.0,35.0,32.0,34.0,34.0,48.0,71.0,44.0,43.0,43.0,48.0,41.0,58.0,147.0,67.0,30.0,39,0,0,0,1,0,0,0,39,9,7
71.0,77.0,48.0,47.0,64.0,64.0,44.0,34.0,39.0,44.0,44.0,36.0,35.0,32.0,34.0,34.0,48.0,71.0,44.0,43.0,43.0,48.0,41.0,58.0,147.0,67.0,30.0,39.0,34,0,1,0,0,0,0,0,34,10,7
77.0,48.0,47.0,64.0,64.0,44.0,34.0,39.0,44.0,44.0,36.0,35.0,32.0,34.0,34.0,48.0,71.0,44.0,43.0,43.0,48.0,41.0,58.0,147.0,67.0,30.0,39.0,34.0,47,0,0,0,0,0,1,0,47,11,7
48.0,47.0,64.0,64.0,44.0,34.0,39.0,44.0,44.0,36.0,35.0,32.0,34.0,34.0,48.0,71.0,44.0,43.0,43.0,48.0,41.0,58.0,147.0,67.0,30.0,39.0,34.0,47.0,39,0,0,0,0,0,0,1,39,12,7
47.0,64.0,64.0,44.0,34.0,39.0,44.0,44.0,36.0,35.0,32.0,34.0,34.0,48.0,71.0,44.0,43.0,43.0,48.0,41.0,58.0,147.0,67.0,30.0,39.0,34.0,47.0,39.0,38,0,0,0,0,1,0,0,38,13,7
64.0,64.0,44.0,34.0,39.0,44.0,44.0,36.0,35.0,32.0,34.0,34.0,48.0,71.0,44.0,43.0,43.0,48.0,41.0,58.0,147.0,67.0,30.0,39.0,34.0,47.0,39.0,38.0,33,1,0,0,0,0,0,0,33,14,7
64.0,44.0,34.0,39.0,44.0,44.0,36.0,35.0,32.0,34.0,34.0,48.0,71.0,44.0,43.0,43.0,48.0,41.0,58.0,147.0,67.0,30.0,39.0,34.0,47.0,39.0,38.0,33.0,37,0,0,1,0,0,0,0,37,15,7
44.0,34.0,39.0,44.0,44.0,36.0,35.0,32.0,34.0,34.0,48.0,71.0,44.0,43.0,43.0,48.0,41.0,58.0,147.0,67.0,30.0,39.0,34.0,47.0,39.0,38.0,33.0,37.0,36,0,0,0,1,0,0,0,36,16,7
34.0,39.0,44.0,44.0,36.0,35.0,32.0,34.0,34.0,48.0,71.0,44.0,43.0,43.0,48.0,41.0,58.0,147.0,67.0,30.0,39.0,34.0,47.0,39.0,38.0,33.0,37.0,36.0,42,0,1,0,0,0,0,0,42,17,7
39.0,44.0,44.0,36.0,35.0,32.0,34.0,34.0,48.0,71.0,44.0,43.0,43.0,48.0,41.0,58.0,147.0,67.0,30.0,39.0,34.0,47.0,39.0,38.0,33.0,37.0,36.0,42.0,97,0,0,0,0,0,1,0,97,18,7
44.0,44.0,36.0,35.0,32.0,34.0,34.0,48.0,71.0,44.0,43.0,43.0,48.0,41.0,58.0,147.0,67.0,30.0,39.0,34.0,47.0,39.0,38.0,33.0,37.0,36.0,42.0,97.0,71,0,0,0,0,0,0,1,71,19,7
44.0,36.0,35.0,32.0,34.0,34.0,48.0,71.0,44.0,43.0,43.0,48.0,41.0,58.0,147.0,67.0,30.0,39.0,34.0,47.0,39.0,38.0,33.0,37.0,36.0,42.0,97.0,71.0,46,0,0,0,0,1,0,0,46,20,7
36.0,35.0,32.0,34.0,34.0,48.0,71.0,44.0,43.0,43.0,48.0,41.0,58.0,147.0,67.0,30.0,39.0,34.0,47.0,39.0,38.0,33.0,37.0,36.0,42.0,97.0,71.0,46.0,87,1,0,0,0,0,0,0,87,21,7
35.0,32.0,34.0,34.0,48.0,71.0,44.0,43.0,43.0,48.0,41.0,58.0,147.0,67.0,30.0,39.0,34.0,47.0,39.0,38.0,33.0,37.0,36.0,42.0,97.0,71.0,46.0,87.0,43,0,0,1,0,0,0,0,43,22,7
32.0,34.0,34.0,48.0,71.0,44.0,43.0,43.0,48.0,41.0,58.0,147.0,67.0,30.0,39.0,34.0,47.0,39.0,38.0,33.0,37.0,36.0,42.0,97.0,71.0,46.0,87.0,43.0,43,0,0,0,1,0,0,0,43,23,7
34.0,34.0,48.0,71.0,44.0,43.0,43.0,48.0,41.0,58.0,147.0,67.0,30.0,39.0,34.0,47.0,39.0,38.0,33.0,37.0,36.0,42.0,97.0,71.0,46.0,87.0,43.0,43.0,24,0,1,0,0,0,0,0,24,24,7
34.0,48.0,71.0,44.0,43.0,43.0,48.0,41.0,58.0,147.0,67.0,30.0,39.0,34.0,47.0,39.0,38.0,33.0,37.0,36.0,42.0,97.0,71.0,46.0,87.0,43.0,43.0,24.0,39,0,0,0,0,0,1,0,39,25,7
48.0,71.0,44.0,43.0,43.0,48.0,41.0,58.0,147.0,67.0,30.0,39.0,34.0,47.0,39.0,38.0,33.0,37.0,36.0,42.0,97.0,71.0,46.0,87.0,43.0,43.0,24.0,39.0,47,0,0,0,0,0,0,1,47,26,7
71.0,44.0,43.0,43.0,48.0,41.0,58.0,147.0,67.0,30.0,39.0,34.0,47.0,39.0,38.0,33.0,37.0,36.0,42.0,97.0,71.0,46.0,87.0,43.0,43.0,24.0,39.0,47.0,51,0,0,0,0,1,0,0,51,27,7
44.0,43.0,43.0,48.0,41.0,58.0,147.0,67.0,30.0,39.0,34.0,47.0,39.0,38.0,33.0,37.0,36.0,42.0,97.0,71.0,46.0,87.0,43.0,43.0,24.0,39.0,47.0,51.0,24,1,0,0,0,0,0,0,24,28,7
43.0,43.0,48.0,41.0,58.0,147.0,67.0,30.0,39.0,34.0,47.0,39.0,38.0,33.0,37.0,36.0,42.0,97.0,71.0,46.0,87.0,43.0,43.0,24.0,39.0,47.0,51.0,24.0,26,0,0,1,0,0,0,0,26,29,7
43.0,48.0,41.0,58.0,147.0,67.0,30.0,39.0,34.0,47.0,39.0,38.0,33.0,37.0,36.0,42.0,97.0,71.0,46.0,87.0,43.0,43.0,24.0,39.0,47.0,51.0,24.0,26.0,32,0,0,0,1,0,0,0,32,30,7
48.0,41.0,58.0,147.0,67.0,30.0,39.0,34.0,47.0,39.0,38.0,33.0,37.0,36.0,42.0,97.0,71.0,46.0,87.0,43.0,43.0,24.0,39.0,47.0,51.0,24.0,26.0,32.0,58,0,1,0,0,0,0,0,58,31,7
41.0,58.0,147.0,67.0,30.0,39.0,34.0,47.0,39.0,38.0,33.0,37.0,36.0,42.0,97.0,71.0,46.0,87.0,43.0,43.0,24.0,39.0,47.0,51.0,24.0,26.0,32.0,58.0,90,0,0,0,0,0,1,0,90,1,8
58.0,147.0,67.0,30.0,39.0,34.0,47.0,39.0,38.0,33.0,37.0,36.0,42.0,97.0,71.0,46.0,87.0,43.0,43.0,24.0,39.0,47.0,51.0,24.0,26.0,32.0,58.0,90.0,50,0,0,0,0,0,0,1,50,2,8
147.0,67.0,30.0,39.0,34.0,47.0,39.0,38.0,33.0,37.0,36.0,42.0,97.0,71.0,46.0,87.0,43.0,43.0,24.0,39.0,47.0,51.0,24.0,26.0,32.0,58.0,90.0,50.0,54,0,0,0,0,1,0,0,54,3,8
67.0,30.0,39.0,34.0,47.0,39.0,38.0,33.0,37.0,36.0,42.0,97.0,71.0,46.0,87.0,43.0,43.0,24.0,39.0,47.0,51.0,24.0,26.0,32.0,58.0,90.0,50.0,54.0,31,1,0,0,0,0,0,0,31,4,8
30.0,39.0,34.0,47.0,39.0,38.0,33.0,37.0,36.0,42.0,97.0,71.0,46.0,87.0,43.0,43.0,24.0,39.0,47.0,51.0,24.0,26.0,32.0,58.0,90.0,50.0,54.0,31.0,27,0,0,1,0,0,0,0,27,5,8
39.0,34.0,47.0,39.0,38.0,33.0,37.0,36.0,42.0,97.0,71.0,46.0,87.0,43.0,43.0,24.0,39.0,47.0,51.0,24.0,26.0,32.0,58.0,90.0,50.0,54.0,31.0,27.0,34,0,0,0,1,0,0,0,34,6,8
34.0,47.0,39.0,38.0,33.0,37.0,36.0,42.0,97.0,71.0,46.0,87.0,43.0,43.0,24.0,39.0,47.0,51.0,24.0,26.0,32.0,58.0,90.0,50.0,54.0,31.0,27.0,34.0,39,0,1,0,0,0,0,0,39,7,8
47.0,39.0,38.0,33.0,37.0,36.0,42.0,97.0,71.0,46.0,87.0,43.0,43.0,24.0,39.0,47.0,51.0,24.0,26.0,32.0,58.0,90.0,50.0,54.0,31.0,27.0,34.0,39.0,39,0,0,0,0,0,1,0,39,8,8
39.0,38.0,33.0,37.0,36.0,42.0,97.0,71.0,46.0,87.0,43.0,43.0,24.0,39.0,47.0,51.0,24.0,26.0,32.0,58.0,90.0,50.0,54.0,31.0,27.0,34.0,39.0,39.0,48,0,0,0,0,0,0,1,48,9,8
38.0,33.0,37.0,36.0,42.0,97.0,71.0,46.0,87.0,43.0,43.0,24.0,39.0,47.0,51.0,24.0,26.0,32.0,58.0,90.0,50.0,54.0,31.0,27.0,34.0,39.0,39.0,48.0,93,0,0,0,0,1,0,0,93,10,8
33.0,37.0,36.0,42.0,97.0,71.0,46.0,87.0,43.0,43.0,24.0,39.0,47.0,51.0,24.0,26.0,32.0,58.0,90.0,50.0,54.0,31.0,27.0,34.0,39.0,39.0,48.0,93.0,46,1,0,0,0,0,0,0,46,11,8
37.0,36.0,42.0,97.0,71.0,46.0,87.0,43.0,43.0,24.0,39.0,47.0,51.0,24.0,26.0,32.0,58.0,90.0,50.0,54.0,31.0,27.0,34.0,39.0,39.0,48.0,93.0,46.0,39,0,0,1,0,0,0,0,39,12,8
36.0,42.0,97.0,71.0,46.0,87.0,43.0,43.0,24.0,39.0,47.0,51.0,24.0,26.0,32.0,58.0,90.0,50.0,54.0,31.0,27.0,34.0,39.0,39.0,48.0,93.0,46.0,39.0,42,0,0,0,1,0,0,0,42,13,8
42.0,97.0,71.0,46.0,87.0,43.0,43.0,24.0,39.0,47.0,51.0,24.0,26.0,32.0,58.0,90.0,50.0,54.0,31.0,27.0,34.0,39.0,39.0,48.0,93.0,46.0,39.0,42.0,48,0,1,0,0,0,0,0,48,14,8
97.0,71.0,46.0,87.0,43.0,43.0,24.0,39.0,47.0,51.0,24.0,26.0,32.0,58.0,90.0,50.0,54.0,31.0,27.0,34.0,39.0,39.0,48.0,93.0,46.0,39.0,42.0,48.0,58,0,0,0,0,0,1,0,58,15,8
71.0,46.0,87.0,43.0,43.0,24.0,39.0,47.0,51.0,24.0,26.0,32.0,58.0,90.0,50.0,54.0,31.0,27.0,34.0,39.0,39.0,48.0,93.0,46.0,39.0,42.0,48.0,58.0,49,0,0,0,0,0,0,1,49,16,8
46.0,87.0,43.0,43.0,24.0,39.0,47.0,51.0,24.0,26.0,32.0,58.0,90.0,50.0,54.0,31.0,27.0,34.0,39.0,39.0,48.0,93.0,46.0,39.0,42.0,48.0,58.0,49.0,36,0,0,0,0,1,0,0,36,17,8
87.0,43.0,43.0,24.0,39.0,47.0,51.0,24.0,26.0,32.0,58.0,90.0,50.0,54.0,31.0,27.0,34.0,39.0,39.0,48.0,93.0,46.0,39.0,42.0,48.0,58.0,49.0,36.0,34,1,0,0,0,0,0,0,34,18,8
43.0,43.0,24.0,39.0,47.0,51.0,24.0,26.0,32.0,58.0,90.0,50.0,54.0,31.0,27.0,34.0,39.0,39.0,48.0,93.0,46.0,39.0,42.0,48.0,58.0,49.0,36.0,34.0,33,0,0,1,0,0,0,0,33,19,8
43.0,24.0,39.0,47.0,51.0,24.0,26.0,32.0,58.0,90.0,50.0,54.0,31.0,27.0,34.0,39.0,39.0,48.0,93.0,46.0,39.0,42.0,48.0,58.0,49.0,36.0,34.0,33.0,58,0,0,0,1,0,0,0,58,20,8
24.0,39.0,47.0,51.0,24.0,26.0,32.0,58.0,90.0,50.0,54.0,31.0,27.0,34.0,39.0,39.0,48.0,93.0,46.0,39.0,42.0,48.0,58.0,49.0,36.0,34.0,33.0,58.0,54,0,1,0,0,0,0,0,54,21,8
39.0,47.0,51.0,24.0,26.0,32.0,58.0,90.0,50.0,54.0,31.0,27.0,34.0,39.0,39.0,48.0,93.0,46.0,39.0,42.0,48.0,58.0,49.0,36.0,34.0,33.0,58.0,54.0,37,0,0,0,0,0,1,0,37,22,8
47.0,51.0,24.0,26.0,32.0,58.0,90.0,50.0,54.0,31.0,27.0,34.0,39.0,39.0,48.0,93.0,46.0,39.0,42.0,48.0,58.0,49.0,36.0,34.0,33.0,58.0,54.0,37.0,27,0,0,0,0,0,0,1,27,23,8
51.0,24.0,26.0,32.0,58.0,90.0,50.0,54.0,31.0,27.0,34.0,39.0,39.0,48.0,93.0,46.0,39.0,42.0,48.0,58.0,49.0,36.0,34.0,33.0,58.0,54.0,37.0,27.0,29,0,0,0,0,1,0,0,29,24,8
24.0,26.0,32.0,58.0,90.0,50.0,54.0,31.0,27.0,34.0,39.0,39.0,48.0,93.0,46.0,39.0,42.0,48.0,58.0,49.0,36.0,34.0,33.0,58.0,54.0,37.0,27.0,29.0,31,1,0,0,0,0,0,0,31,25,8
26.0,32.0,58.0,90.0,50.0,54.0,31.0,27.0,34.0,39.0,39.0,48.0,93.0,46.0,39.0,42.0,48.0,58.0,49.0,36.0,34.0,33.0,58.0,54.0,37.0,27.0,29.0,31.0,39,0,0,1,0,0,0,0,39,26,8
32.0,58.0,90.0,50.0,54.0,31.0,27.0,34.0,39.0,39.0,48.0,93.0,46.0,39.0,42.0,48.0,58.0,49.0,36.0,34.0,33.0,58.0,54.0,37.0,27.0,29.0,31.0,39.0,44,0,0,0,1,0,0,0,44,27,8
58.0,90.0,50.0,54.0,31.0,27.0,34.0,39.0,39.0,48.0,93.0,46.0,39.0,42.0,48.0,58.0,49.0,36.0,34.0,33.0,58.0,54.0,37.0,27.0,29.0,31.0,39.0,44.0,30,0,1,0,0,0,0,0,30,28,8
90.0,50.0,54.0,31.0,27.0,34.0,39.0,39.0,48.0,93.0,46.0,39.0,42.0,48.0,58.0,49.0,36.0,34.0,33.0,58.0,54.0,37.0,27.0,29.0,31.0,39.0,44.0,30.0,48,0,0,0,0,0,1,0,48,29,8
50.0,54.0,31.0,27.0,34.0,39.0,39.0,48.0,93.0,46.0,39.0,42.0,48.0,58.0,49.0,36.0,34.0,33.0,58.0,54.0,37.0,27.0,29.0,31.0,39.0,44.0,30.0,48.0,46,0,0,0,0,0,0,1,46,30,8
54.0,31.0,27.0,34.0,39.0,39.0,48.0,93.0,46.0,39.0,42.0,48.0,58.0,49.0,36.0,34.0,33.0,58.0,54.0,37.0,27.0,29.0,31.0,39.0,44.0,30.0,48.0,46.0,24,0,0,0,0,1,0,0,24,31,8
31.0,27.0,34.0,39.0,39.0,48.0,93.0,46.0,39.0,42.0,48.0,58.0,49.0,36.0,34.0,33.0,58.0,54.0,37.0,27.0,29.0,31.0,39.0,44.0,30.0,48.0,46.0,24.0,26,1,0,0,0,0,0,0,26,1,9
27.0,34.0,39.0,39.0,48.0,93.0,46.0,39.0,42.0,48.0,58.0,49.0,36.0,34.0,33.0,58.0,54.0,37.0,27.0,29.0,31.0,39.0,44.0,30.0,48.0,46.0,24.0,26.0,32,0,0,1,0,0,0,0,32,2,9
34.0,39.0,39.0,48.0,93.0,46.0,39.0,42.0,48.0,58.0,49.0,36.0,34.0,33.0,58.0,54.0,37.0,27.0,29.0,31.0,39.0,44.0,30.0,48.0,46.0,24.0,26.0,32.0,35,0,0,0,1,0,0,0,35,3,9
39.0,39.0,48.0,93.0,46.0,39.0,42.0,48.0,58.0,49.0,36.0,34.0,33.0,58.0,54.0,37.0,27.0,29.0,31.0,39.0,44.0,30.0,48.0,46.0,24.0,26.0,32.0,35.0,50,0,1,0,0,0,0,0,50,4,9
39.0,48.0,93.0,46.0,39.0,42.0,48.0,58.0,49.0,36.0,34.0,33.0,58.0,54.0,37.0,27.0,29.0,31.0,39.0,44.0,30.0,48.0,46.0,24.0,26.0,32.0,35.0,50.0,34,0,0,0,0,0,1,0,34,5,9
48.0,93.0,46.0,39.0,42.0,48.0,58.0,49.0,36.0,34.0,33.0,58.0,54.0,37.0,27.0,29.0,31.0,39.0,44.0,30.0,48.0,46.0,24.0,26.0,32.0,35.0,50.0,34.0,17,0,0,0,0,0,0,1,17,6,9
93.0,46.0,39.0,42.0,48.0,58.0,49.0,36.0,34.0,33.0,58.0,54.0,37.0,27.0,29.0,31.0,39.0,44.0,30.0,48.0,46.0,24.0,26.0,32.0,35.0,50.0,34.0,17.0,19,0,0,0,0,1,0,0,19,7,9
46.0,39.0,42.0,48.0,58.0,49.0,36.0,34.0,33.0,58.0,54.0,37.0,27.0,29.0,31.0,39.0,44.0,30.0,48.0,46.0,24.0,26.0,32.0,35.0,50.0,34.0,17.0,19.0,27,1,0,0,0,0,0,0,27,8,9
39.0,42.0,48.0,58.0,49.0,36.0,34.0,33.0,58.0,54.0,37.0,27.0,29.0,31.0,39.0,44.0,30.0,48.0,46.0,24.0,26.0,32.0,35.0,50.0,34.0,17.0,19.0,27.0,28,0,0,1,0,0,0,0,28,9,9
42.0,48.0,58.0,49.0,36.0,34.0,33.0,58.0,54.0,37.0,27.0,29.0,31.0,39.0,44.0,30.0,48.0,46.0,24.0,26.0,32.0,35.0,50.0,34.0,17.0,19.0,27.0,28.0,32,0,0,0,1,0,0,0,32,10,9
48.0,58.0,49.0,36.0,34.0,33.0,58.0,54.0,37.0,27.0,29.0,31.0,39.0,44.0,30.0,48.0,46.0,24.0,26.0,32.0,35.0,50.0,34.0,17.0,19.0,27.0,28.0,32.0,34,0,1,0,0,0,0,0,34,11,9
58.0,49.0,36.0,34.0,33.0,58.0,54.0,37.0,27.0,29.0,31.0,39.0,44.0,30.0,48.0,46.0,24.0,26.0,32.0,35.0,50.0,34.0,17.0,19.0,27.0,28.0,32.0,34.0,38,0,0,0,0,0,1,0,38,12,9
49.0,36.0,34.0,33.0,58.0,54.0,37.0,27.0,29.0,31.0,39.0,44.0,30.0,48.0,46.0,24.0,26.0,32.0,35.0,50.0,34.0,17.0,19.0,27.0,28.0,32.0,34.0,38.0,38,0,0,0,0,0,0,1,38,13,9
36.0,34.0,33.0,58.0,54.0,37.0,27.0,29.0,31.0,39.0,44.0,30.0,48.0,46.0,24.0,26.0,32.0,35.0,50.0,34.0,17.0,19.0,27.0,28.0,32.0,34.0,38.0,38.0,19,0,0,0,0,1,0,0,19,14,9
34.0,33.0,58.0,54.0,37.0,27.0,29.0,31.0,39.0,44.0,30.0,48.0,46.0,24.0,26.0,32.0,35.0,50.0,34.0,17.0,19.0,27.0,28.0,32.0,34.0,38.0,38.0,19.0,41,1,0,0,0,0,0,0,41,15,9
33.0,58.0,54.0,37.0,27.0,29.0,31.0,39.0,44.0,30.0,48.0,46.0,24.0,26.0,32.0,35.0,50.0,34.0,17.0,19.0,27.0,28.0,32.0,34.0,38.0,38.0,19.0,41.0,38,0,0,1,0,0,0,0,38,16,9
58.0,54.0,37.0,27.0,29.0,31.0,39.0,44.0,30.0,48.0,46.0,24.0,26.0,32.0,35.0,50.0,34.0,17.0,19.0,27.0,28.0,32.0,34.0,38.0,38.0,19.0,41.0,38.0,47,0,0,0,1,0,0,0,47,17,9
54.0,37.0,27.0,29.0,31.0,39.0,44.0,30.0,48.0,46.0,24.0,26.0,32.0,35.0,50.0,34.0,17.0,19.0,27.0,28.0,32.0,34.0,38.0,38.0,19.0,41.0,38.0,47.0,22,0,1,0,0,0,0,0,22,18,9
37.0,27.0,29.0,31.0,39.0,44.0,30.0,48.0,46.0,24.0,26.0,32.0,35.0,50.0,34.0,17.0,19.0,27.0,28.0,32.0,34.0,38.0,38.0,19.0,41.0,38.0,47.0,22.0,41,0,0,0,0,0,1,0,41,19,9
27.0,29.0,31.0,39.0,44.0,30.0,48.0,46.0,24.0,26.0,32.0,35.0,50.0,34.0,17.0,19.0,27.0,28.0,32.0,34.0,38.0,38.0,19.0,41.0,38.0,47.0,22.0,41.0,48,0,0,0,0,0,0,1,48,20,9
29.0,31.0,39.0,44.0,30.0,48.0,46.0,24.0,26.0,32.0,35.0,50.0,34.0,17.0,19.0,27.0,28.0,32.0,34.0,38.0,38.0,19.0,41.0,38.0,47.0,22.0,41.0,48.0,64,0,0,0,0,1,0,0,64,21,9
31.0,39.0,44.0,30.0,48.0,46.0,24.0,26.0,32.0,35.0,50.0,34.0,17.0,19.0,27.0,28.0,32.0,34.0,38.0,38.0,19.0,41.0,38.0,47.0,22.0,41.0,48.0,64.0,100,1,0,0,0,0,0,0,100,22,9
39.0,44.0,30.0,48.0,46.0,24.0,26.0,32.0,35.0,50.0,34.0,17.0,19.0,27.0,28.0,32.0,34.0,38.0,38.0,19.0,41.0,38.0,47.0,22.0,41.0,48.0,64.0,100.0,112,0,0,1,0,0,0,0,112,23,9
44.0,30.0,48.0,46.0,24.0,26.0,32.0,35.0,50.0,34.0,17.0,19.0,27.0,28.0,32.0,34.0,38.0,38.0,19.0,41.0,38.0,47.0,22.0,41.0,48.0,64.0,100.0,112.0,77,0,0,0,1,0,0,0,77,24,9
30.0,48.0,46.0,24.0,26.0,32.0,35.0,50.0,34.0,17.0,19.0,27.0,28.0,32.0,34.0,38.0,38.0,19.0,41.0,38.0,47.0,22.0,41.0,48.0,64.0,100.0,112.0,77.0,74,0,1,0,0,0,0,0,74,25,9
48.0,46.0,24.0,26.0,32.0,35.0,50.0,34.0,17.0,19.0,27.0,28.0,32.0,34.0,38.0,38.0,19.0,41.0,38.0,47.0,22.0,41.0,48.0,64.0,100.0,112.0,77.0,74.0,87,0,0,0,0,0,1,0,87,26,9
46.0,24.0,26.0,32.0,35.0,50.0,34.0,17.0,19.0,27.0,28.0,32.0,34.0,38.0,38.0,19.0,41.0,38.0,47.0,22.0,41.0,48.0,64.0,100.0,112.0,77.0,74.0,87.0,30,0,0,0,0,0,0,1,30,27,9
24.0,26.0,32.0,35.0,50.0,34.0,17.0,19.0,27.0,28.0,32.0,34.0,38.0,38.0,19.0,41.0,38.0,47.0,22.0,41.0,48.0,64.0,100.0,112.0,77.0,74.0,87.0,30.0,33,0,0,0,0,1,0,0,33,28,9
26.0,32.0,35.0,50.0,34.0,17.0,19.0,27.0,28.0,32.0,34.0,38.0,38.0,19.0,41.0,38.0,47.0,22.0,41.0,48.0,64.0,100.0,112.0,77.0,74.0,87.0,30.0,33.0,35,1,0,0,0,0,0,0,35,29,9
32.0,35.0,50.0,34.0,17.0,19.0,27.0,28.0,32.0,34.0,38.0,38.0,19.0,41.0,38.0,47.0,22.0,41.0,48.0,64.0,100.0,112.0,77.0,74.0,87.0,30.0,33.0,35.0,37,0,0,1,0,0,0,0,37,30,9
35.0,50.0,34.0,17.0,19.0,27.0,28.0,32.0,34.0,38.0,38.0,19.0,41.0,38.0,47.0,22.0,41.0,48.0,64.0,100.0,112.0,77.0,74.0,87.0,30.0,33.0,35.0,37.0,41,0,0,0,1,0,0,0,41,1,10
50.0,34.0,17.0,19.0,27.0,28.0,32.0,34.0,38.0,38.0,19.0,41.0,38.0,47.0,22.0,41.0,48.0,64.0,100.0,112.0,77.0,74.0,87.0,30.0,33.0,35.0,37.0,41.0,43,0,1,0,0,0,0,0,43,2,10
34.0,17.0,19.0,27.0,28.0,32.0,34.0,38.0,38.0,19.0,41.0,38.0,47.0,22.0,41.0,48.0,64.0,100.0,112.0,77.0,74.0,87.0,30.0,33.0,35.0,37.0,41.0,43.0,46,0,0,0,0,0,1,0,46,3,10
17.0,19.0,27.0,28.0,32.0,34.0,38.0,38.0,19.0,41.0,38.0,47.0,22.0,41.0,48.0,64.0,100.0,112.0,77.0,74.0,87.0,30.0,33.0,35.0,37.0,41.0,43.0,46.0,31,0,0,0,0,0,0,1,31,4,10
19.0,27.0,28.0,32.0,34.0,38.0,38.0,19.0,41.0,38.0,47.0,22.0,41.0,48.0,64.0,100.0,112.0,77.0,74.0,87.0,30.0,33.0,35.0,37.0,41.0,43.0,46.0,31.0,44,0,0,0,0,1,0,0,44,5,10
27.0,28.0,32.0,34.0,38.0,38.0,19.0,41.0,38.0,47.0,22.0,41.0,48.0,64.0,100.0,112.0,77.0,74.0,87.0,30.0,33.0,35.0,37.0,41.0,43.0,46.0,31.0,44.0,16,1,0,0,0,0,0,0,16,6,10
28.0,32.0,34.0,38.0,38.0,19.0,41.0,38.0,47.0,22.0,41.0,48.0,64.0,100.0,112.0,77.0,74.0,87.0,30.0,33.0,35.0,37.0,41.0,43.0,46.0,31.0,44.0,16.0,43,0,0,1,0,0,0,0,43,7,10
32.0,34.0,38.0,38.0,19.0,41.0,38.0,47.0,22.0,41.0,48.0,64.0,100.0,112.0,77.0,74.0,87.0,30.0,33.0,35.0,37.0,41.0,43.0,46.0,31.0,44.0,16.0,43.0,33,0,0,0,1,0,0,0,33,8,10
34.0,38.0,38.0,19.0,41.0,38.0,47.0,22.0,41.0,48.0,64.0,100.0,112.0,77.0,74.0,87.0,30.0,33.0,35.0,37.0,41.0,43.0,46.0,31.0,44.0,16.0,43.0,33.0,49,0,1,0,0,0,0,0,49,9,10
38.0,38.0,19.0,41.0,38.0,47.0,22.0,41.0,48.0,64.0,100.0,112.0,77.0,74.0,87.0,30.0,33.0,35.0,37.0,41.0,43.0,46.0,31.0,44.0,16.0,43.0,33.0,49.0,28,0,0,0,0,0,1,0,28,10,10
38.0,19.0,41.0,38.0,47.0,22.0,41.0,48.0,64.0,100.0,112.0,77.0,74.0,87.0,30.0,33.0,35.0,37.0,41.0,43.0,46.0,31.0,44.0,16.0,43.0,33.0,49.0,28.0,25,0,0,0,0,0,0,1,25,11,10
19.0,41.0,38.0,47.0,22.0,41.0,48.0,64.0,100.0,112.0,77.0,74.0,87.0,30.0,33.0,35.0,37.0,41.0,43.0,46.0,31.0,44.0,16.0,43.0,33.0,49.0,28.0,25.0,17,0,0,0,0,1,0,0,17,12,10
41.0,38.0,47.0,22.0,41.0,48.0,64.0,100.0,112.0,77.0,74.0,87.0,30.0,33.0,35.0,37.0,41.0,43.0,46.0,31.0,44.0,16.0,43.0,33.0,49.0,28.0,25.0,17.0,43,1,0,0,0,0,0,0,43,13,10
38.0,47.0,22.0,41.0,48.0,64.0,100.0,112.0,77.0,74.0,87.0,30.0,33.0,35.0,37.0,41.0,43.0,46.0,31.0,44.0,16.0,43.0,33.0,49.0,28.0,25.0,17.0,43.0,27,1,0,0,0,0,0,0,27,20,10
47.0,22.0,41.0,48.0,64.0,100.0,112.0,77.0,74.0,87.0,30.0,33.0,35.0,37.0,41.0,43.0,46.0,31.0,44.0,16.0,43.0,33.0,49.0,28.0,25.0,17.0,43.0,27.0,40,0,0,1,0,0,0,0,40,21,10
22.0,41.0,48.0,64.0,100.0,112.0,77.0,74.0,87.0,30.0,33.0,35.0,37.0,41.0,43.0,46.0,31.0,44.0,16.0,43.0,33.0,49.0,28.0,25.0,17.0,43.0,27.0,40.0,41,0,0,0,1,0,0,0,41,22,10
41.0,48.0,64.0,100.0,112.0,77.0,74.0,87.0,30.0,33.0,35.0,37.0,41.0,43.0,46.0,31.0,44.0,16.0,43.0,33.0,49.0,28.0,25.0,17.0,43.0,27.0,40.0,41.0,30,0,1,0,0,0,0,0,30,23,10
48.0,64.0,100.0,112.0,77.0,74.0,87.0,30.0,33.0,35.0,37.0,41.0,43.0,46.0,31.0,44.0,16.0,43.0,33.0,49.0,28.0,25.0,17.0,43.0,27.0,40.0,41.0,30.0,27,0,0,0,0,0,1,0,27,24,10
64.0,100.0,112.0,77.0,74.0,87.0,30.0,33.0,35.0,37.0,41.0,43.0,46.0,31.0,44.0,16.0,43.0,33.0,49.0,28.0,25.0,17.0,43.0,27.0,40.0,41.0,30.0,27.0,31,0,0,0,0,0,0,1,31,25,10
100.0,112.0,77.0,74.0,87.0,30.0,33.0,35.0,37.0,41.0,43.0,46.0,31.0,44.0,16.0,43.0,33.0,49.0,28.0,25.0,17.0,43.0,27.0,40.0,41.0,30.0,27.0,31.0,30,0,0,0,0,1,0,0,30,26,10
112.0,77.0,74.0,87.0,30.0,33.0,35.0,37.0,41.0,43.0,46.0,31.0,44.0,16.0,43.0,33.0,49.0,28.0,25.0,17.0,43.0,27.0,40.0,41.0,30.0,27.0,31.0,30.0,19,1,0,0,0,0,0,0,19,27,10
77.0,74.0,87.0,30.0,33.0,35.0,37.0,41.0,43.0,46.0,31.0,44.0,16.0,43.0,33.0,49.0,28.0,25.0,17.0,43.0,27.0,40.0,41.0,30.0,27.0,31.0,30.0,19.0,20,0,0,1,0,0,0,0,20,28,10
74.0,87.0,30.0,33.0,35.0,37.0,41.0,43.0,46.0,31.0,44.0,16.0,43.0,33.0,49.0,28.0,25.0,17.0,43.0,27.0,40.0,41.0,30.0,27.0,31.0,30.0,19.0,20.0,19,0,0,0,1,0,0,0,19,29,10
87.0,30.0,33.0,35.0,37.0,41.0,43.0,46.0,31.0,44.0,16.0,43.0,33.0,49.0,28.0,25.0,17.0,43.0,27.0,40.0,41.0,30.0,27.0,31.0,30.0,19.0,20.0,19.0,22,0,1,0,0,0,0,0,22,30,10
30.0,33.0,35.0,37.0,41.0,43.0,46.0,31.0,44.0,16.0,43.0,33.0,49.0,28.0,25.0,17.0,43.0,27.0,40.0,41.0,30.0,27.0,31.0,30.0,19.0,20.0,19.0,22.0,20,0,0,0,0,0,1,0,20,31,10
33.0,35.0,37.0,41.0,43.0,46.0,31.0,44.0,16.0,43.0,33.0,49.0,28.0,25.0,17.0,43.0,27.0,40.0,41.0,30.0,27.0,31.0,30.0,19.0,20.0,19.0,22.0,20.0,20,1,0,0,0,0,0,0,20,3,11
35.0,37.0,41.0,43.0,46.0,31.0,44.0,16.0,43.0,33.0,49.0,28.0,25.0,17.0,43.0,27.0,40.0,41.0,30.0,27.0,31.0,30.0,19.0,20.0,19.0,22.0,20.0,20.0,13,0,1,0,0,0,0,0,13,6,11
37.0,41.0,43.0,46.0,31.0,44.0,16.0,43.0,33.0,49.0,28.0,25.0,17.0,43.0,27.0,40.0,41.0,30.0,27.0,31.0,30.0,19.0,20.0,19.0,22.0,20.0,20.0,13.0,40,0,0,0,0,1,0,0,40,9,11
41.0,43.0,46.0,31.0,44.0,16.0,43.0,33.0,49.0,28.0,25.0,17.0,43.0,27.0,40.0,41.0,30.0,27.0,31.0,30.0,19.0,20.0,19.0,22.0,20.0,20.0,13.0,40.0,59,0,0,0,1,0,0,0,59,12,11
43.0,46.0,31.0,44.0,16.0,43.0,33.0,49.0,28.0,25.0,17.0,43.0,27.0,40.0,41.0,30.0,27.0,31.0,30.0,19.0,20.0,19.0,22.0,20.0,20.0,13.0,40.0,59.0,47,0,0,0,0,0,0,1,47,15,11
46.0,31.0,44.0,16.0,43.0,33.0,49.0,28.0,25.0,17.0,43.0,27.0,40.0,41.0,30.0,27.0,31.0,30.0,19.0,20.0,19.0,22.0,20.0,20.0,13.0,40.0,59.0,47.0,28,0,0,1,0,0,0,0,28,18,11
31.0,44.0,16.0,43.0,33.0,49.0,28.0,25.0,17.0,43.0,27.0,40.0,41.0,30.0,27.0,31.0,30.0,19.0,20.0,19.0,22.0,20.0,20.0,13.0,40.0,59.0,47.0,28.0,21,0,0,0,0,0,1,0,21,21,11
44.0,16.0,43.0,33.0,49.0,28.0,25.0,17.0,43.0,27.0,40.0,41.0,30.0,27.0,31.0,30.0,19.0,20.0,19.0,22.0,20.0,20.0,13.0,40.0,59.0,47.0,28.0,21.0,45,1,0,0,0,0,0,0,45,24,11
16.0,43.0,33.0,49.0,28.0,25.0,17.0,43.0,27.0,40.0,41.0,30.0,27.0,31.0,30.0,19.0,20.0,19.0,22.0,20.0,20.0,13.0,40.0,59.0,47.0,28.0,21.0,45.0,52,0,1,0,0,0,0,0,52,27,11
43.0,33.0,49.0,28.0,25.0,17.0,43.0,27.0,40.0,41.0,30.0,27.0,31.0,30.0,19.0,20.0,19.0,22.0,20.0,20.0,13.0,40.0,59.0,47.0,28.0,21.0,45.0,52.0,34,0,0,0,0,1,0,0,34,30,11
33.0,49.0,28.0,25.0,17.0,43.0,27.0,40.0,41.0,30.0,27.0,31.0,30.0,19.0,20.0,19.0,22.0,20.0,20.0,13.0,40.0,59.0,47.0,28.0,21.0,45.0,52.0,34.0,71,0,0,0,1,0,0,0,71,3,12
49.0,28.0,25.0,17.0,43.0,27.0,40.0,41.0,30.0,27.0,31.0,30.0,19.0,20.0,19.0,22.0,20.0,20.0,13.0,40.0,59.0,47.0,28.0,21.0,45.0,52.0,34.0,71.0,18,0,0,0,0,0,0,1,18,6,12
28.0,25.0,17.0,43.0,27.0,40.0,41.0,30.0,27.0,31.0,30.0,19.0,20.0,19.0,22.0,20.0,20.0,13.0,40.0,59.0,47.0,28.0,21.0,45.0,52.0,34.0,71.0,18.0,45,0,0,1,0,0,0,0,45,9,12
25.0,17.0,43.0,27.0,40.0,41.0,30.0,27.0,31.0,30.0,19.0,20.0,19.0,22.0,20.0,20.0,13.0,40.0,59.0,47.0,28.0,21.0,45.0,52.0,34.0,71.0,18.0,45.0,15,0,0,0,0,0,1,0,15,12,12
17.0,43.0,27.0,40.0,41.0,30.0,27.0,31.0,30.0,19.0,20.0,19.0,22.0,20.0,20.0,13.0,40.0,59.0,47.0,28.0,21.0,45.0,52.0,34.0,71.0,18.0,45.0,15.0,30,1,0,0,0,0,0,0,30,15,12
43.0,27.0,40.0,41.0,30.0,27.0,31.0,30.0,19.0,20.0,19.0,22.0,20.0,20.0,13.0,40.0,59.0,47.0,28.0,21.0,45.0,52.0,34.0,71.0,18.0,45.0,15.0,30.0,61,0,1,0,0,0,0,0,61,18,12
27.0,40.0,41.0,30.0,27.0,31.0,30.0,19.0,20.0,19.0,22.0,20.0,20.0,13.0,40.0,59.0,47.0,28.0,21.0,45.0,52.0,34.0,71.0,18.0,45.0,15.0,30.0,61.0,18,0,0,0,0,1,0,0,18,21,12
40.0,41.0,30.0,27.0,31.0,30.0,19.0,20.0,19.0,22.0,20.0,20.0,13.0,40.0,59.0,47.0,28.0,21.0,45.0,52.0,34.0,71.0,18.0,45.0,15.0,30.0,61.0,18.0,28,0,0,0,1,0,0,0,28,24,12
41.0,30.0,27.0,31.0,30.0,19.0,20.0,19.0,22.0,20.0,20.0,13.0,40.0,59.0,47.0,28.0,21.0,45.0,52.0,34.0,71.0,18.0,45.0,15.0,30.0,61.0,18.0,28.0,35,0,0,0,0,0,0,1,35,27,12
30.0,27.0,31.0,30.0,19.0,20.0,19.0,22.0,20.0,20.0,13.0,40.0,59.0,47.0,28.0,21.0,45.0,52.0,34.0,71.0,18.0,45.0,15.0,30.0,61.0,18.0,28.0,35.0,54,0,0,1,0,0,0,0,54,30,12
27.0,31.0,30.0,19.0,20.0,19.0,22.0,20.0,20.0,13.0,40.0,59.0,47.0,28.0,21.0,45.0,52.0,34.0,71.0,18.0,45.0,15.0,30.0,61.0,18.0,28.0,35.0,54.0,55,0,0,0,0,0,1,0,55,2,1
31.0,30.0,19.0,20.0,19.0,22.0,20.0,20.0,13.0,40.0,59.0,47.0,28.0,21.0,45.0,52.0,34.0,71.0,18.0,45.0,15.0,30.0,61.0,18.0,28.0,35.0,54.0,55.0,13,1,0,0,0,0,0,0,13,5,1
30.0,19.0,20.0,19.0,22.0,20.0,20.0,13.0,40.0,59.0,47.0,28.0,21.0,45.0,52.0,34.0,71.0,18.0,45.0,15.0,30.0,61.0,18.0,28.0,35.0,54.0,55.0,13.0,48,0,0,0,1,0,0,0,48,14,1
19.0,20.0,19.0,22.0,20.0,20.0,13.0,40.0,59.0,47.0,28.0,21.0,45.0,52.0,34.0,71.0,18.0,45.0,15.0,30.0,61.0,18.0,28.0,35.0,54.0,55.0,13.0,48.0,68,0,0,0,0,0,0,1,68,17,1
20.0,19.0,22.0,20.0,20.0,13.0,40.0,59.0,47.0,28.0,21.0,45.0,52.0,34.0,71.0,18.0,45.0,15.0,30.0,61.0,18.0,28.0,35.0,54.0,55.0,13.0,48.0,68.0,54,0,0,1,0,0,0,0,54,20,1
19.0,22.0,20.0,20.0,13.0,40.0,59.0,47.0,28.0,21.0,45.0,52.0,34.0,71.0,18.0,45.0,15.0,30.0,61.0,18.0,28.0,35.0,54.0,55.0,13.0,48.0,68.0,54.0,14,0,0,0,0,0,1,0,14,23,1
22.0,20.0,20.0,13.0,40.0,59.0,47.0,28.0,21.0,45.0,52.0,34.0,71.0,18.0,45.0,15.0,30.0,61.0,18.0,28.0,35.0,54.0,55.0,13.0,48.0,68.0,54.0,14.0,43,1,0,0,0,0,0,0,43,26,1
20.0,20.0,13.0,40.0,59.0,47.0,28.0,21.0,45.0,52.0,34.0,71.0,18.0,45.0,15.0,30.0,61.0,18.0,28.0,35.0,54.0,55.0,13.0,48.0,68.0,54.0,14.0,43.0,11,0,1,0,0,0,0,0,11,29,1
20.0,13.0,40.0,59.0,47.0,28.0,21.0,45.0,52.0,34.0,71.0,18.0,45.0,15.0,30.0,61.0,18.0,28.0,35.0,54.0,55.0,13.0,48.0,68.0,54.0,14.0,43.0,11.0,35,0,0,0,0,1,0,0,35,1,2
13.0,40.0,59.0,47.0,28.0,21.0,45.0,52.0,34.0,71.0,18.0,45.0,15.0,30.0,61.0,18.0,28.0,35.0,54.0,55.0,13.0,48.0,68.0,54.0,14.0,43.0,11.0,35.0,18,0,0,0,1,0,0,0,18,4,2
40.0,59.0,47.0,28.0,21.0,45.0,52.0,34.0,71.0,18.0,45.0,15.0,30.0,61.0,18.0,28.0,35.0,54.0,55.0,13.0,48.0,68.0,54.0,14.0,43.0,11.0,35.0,18.0,56,0,0,0,0,0,0,1,56,7,2
59.0,47.0,28.0,21.0,45.0,52.0,34.0,71.0,18.0,45.0,15.0,30.0,61.0,18.0,28.0,35.0,54.0,55.0,13.0,48.0,68.0,54.0,14.0,43.0,11.0,35.0,18.0,56.0,60,0,0,1,0,0,0,0,60,10,2
47.0,28.0,21.0,45.0,52.0,34.0,71.0,18.0,45.0,15.0,30.0,61.0,18.0,28.0,35.0,54.0,55.0,13.0,48.0,68.0,54.0,14.0,43.0,11.0,35.0,18.0,56.0,60.0,59,0,0,0,0,0,1,0,59,13,2
28.0,21.0,45.0,52.0,34.0,71.0,18.0,45.0,15.0,30.0,61.0,18.0,28.0,35.0,54.0,55.0,13.0,48.0,68.0,54.0,14.0,43.0,11.0,35.0,18.0,56.0,60.0,59.0,44,1,0,0,0,0,0,0,44,16,2
21.0,45.0,52.0,34.0,71.0,18.0,45.0,15.0,30.0,61.0,18.0,28.0,35.0,54.0,55.0,13.0,48.0,68.0,54.0,14.0,43.0,11.0,35.0,18.0,56.0,60.0,59.0,44.0,44,0,1,0,0,0,0,0,44,19,2
45.0,52.0,34.0,71.0,18.0,45.0,15.0,30.0,61.0,18.0,28.0,35.0,54.0,55.0,13.0,48.0,68.0,54.0,14.0,43.0,11.0,35.0,18.0,56.0,60.0,59.0,44.0,44.0,18,0,0,0,0,1,0,0,18,22,2
52.0,34.0,71.0,18.0,45.0,15.0,30.0,61.0,18.0,28.0,35.0,54.0,55.0,13.0,48.0,68.0,54.0,14.0,43.0,11.0,35.0,18.0,56.0,60.0,59.0,44.0,44.0,18.0,23,0,0,0,1,0,0,0,23,25,2
34.0,71.0,18.0,45.0,15.0,30.0,61.0,18.0,28.0,35.0,54.0,55.0,13.0,48.0,68.0,54.0,14.0,43.0,11.0,35.0,18.0,56.0,60.0,59.0,44.0,44.0,18.0,23.0,29,0,0,0,0,0,0,1,29,28,2
71.0,18.0,45.0,15.0,30.0,61.0,18.0,28.0,35.0,54.0,55.0,13.0,48.0,68.0,54.0,14.0,43.0,11.0,35.0,18.0,56.0,60.0,59.0,44.0,44.0,18.0,23.0,29.0,33,0,0,0,0,1,0,0,33,1,3
18.0,45.0,15.0,30.0,61.0,18.0,28.0,35.0,54.0,55.0,13.0,48.0,68.0,54.0,14.0,43.0,11.0,35.0,18.0,56.0,60.0,59.0,44.0,44.0,18.0,23.0,29.0,33.0,38,1,0,0,0,0,0,0,38,2,3
45.0,15.0,30.0,61.0,18.0,28.0,35.0,54.0,55.0,13.0,48.0,68.0,54.0,14.0,43.0,11.0,35.0,18.0,56.0,60.0,59.0,44.0,44.0,18.0,23.0,29.0,33.0,38.0,39,0,0,1,0,0,0,0,39,3,3
15.0,30.0,61.0,18.0,28.0,35.0,54.0,55.0,13.0,48.0,68.0,54.0,14.0,43.0,11.0,35.0,18.0,56.0,60.0,59.0,44.0,44.0,18.0,23.0,29.0,33.0,38.0,39.0,40,0,0,0,1,0,0,0,40,4,3
30.0,61.0,18.0,28.0,35.0,54.0,55.0,13.0,48.0,68.0,54.0,14.0,43.0,11.0,35.0,18.0,56.0,60.0,59.0,44.0,44.0,18.0,23.0,29.0,33.0,38.0,39.0,40.0,34,0,1,0,0,0,0,0,34,5,3
61.0,18.0,28.0,35.0,54.0,55.0,13.0,48.0,68.0,54.0,14.0,43.0,11.0,35.0,18.0,56.0,60.0,59.0,44.0,44.0,18.0,23.0,29.0,33.0,38.0,39.0,40.0,34.0,34,0,0,0,0,0,1,0,34,6,3
18.0,28.0,35.0,54.0,55.0,13.0,48.0,68.0,54.0,14.0,43.0,11.0,35.0,18.0,56.0,60.0,59.0,44.0,44.0,18.0,23.0,29.0,33.0,38.0,39.0,40.0,34.0,34.0,35,0,0,0,0,0,0,1,35,7,3
28.0,35.0,54.0,55.0,13.0,48.0,68.0,54.0,14.0,43.0,11.0,35.0,18.0,56.0,60.0,59.0,44.0,44.0,18.0,23.0,29.0,33.0,38.0,39.0,40.0,34.0,34.0,35.0,34,0,0,0,0,1,0,0,34,8,3
35.0,54.0,55.0,13.0,48.0,68.0,54.0,14.0,43.0,11.0,35.0,18.0,56.0,60.0,59.0,44.0,44.0,18.0,23.0,29.0,33.0,38.0,39.0,40.0,34.0,34.0,35.0,34.0,39,1,0,0,0,0,0,0,39,9,3
54.0,55.0,13.0,48.0,68.0,54.0,14.0,43.0,11.0,35.0,18.0,56.0,60.0,59.0,44.0,44.0,18.0,23.0,29.0,33.0,38.0,39.0,40.0,34.0,34.0,35.0,34.0,39.0,43,0,0,1,0,0,0,0,43,10,3
55.0,13.0,48.0,68.0,54.0,14.0,43.0,11.0,35.0,18.0,56.0,60.0,59.0,44.0,44.0,18.0,23.0,29.0,33.0,38.0,39.0,40.0,34.0,34.0,35.0,34.0,39.0,43.0,44,0,0,0,1,0,0,0,44,11,3
13.0,48.0,68.0,54.0,14.0,43.0,11.0,35.0,18.0,56.0,60.0,59.0,44.0,44.0,18.0,23.0,29.0,33.0,38.0,39.0,40.0,34.0,34.0,35.0,34.0,39.0,43.0,44.0,39,0,1,0,0,0,0,0,39,12,3
48.0,68.0,54.0,14.0,43.0,11.0,35.0,18.0,56.0,60.0,59.0,44.0,44.0,18.0,23.0,29.0,33.0,38.0,39.0,40.0,34.0,34.0,35.0,34.0,39.0,43.0,44.0,39.0,38,0,0,0,0,0,1,0,38,13,3
68.0,54.0,14.0,43.0,11.0,35.0,18.0,56.0,60.0,59.0,44.0,44.0,18.0,23.0,29.0,33.0,38.0,39.0,40.0,34.0,34.0,35.0,34.0,39.0,43.0,44.0,39.0,38.0,42,0,0,0,0,0,0,1,42,14,3
54.0,14.0,43.0,11.0,35.0,18.0,56.0,60.0,59.0,44.0,44.0,18.0,23.0,29.0,33.0,38.0,39.0,40.0,34.0,34.0,35.0,34.0,39.0,43.0,44.0,39.0,38.0,42.0,41,0,0,0,0,1,0,0,41,15,3
14.0,43.0,11.0,35.0,18.0,56.0,60.0,59.0,44.0,44.0,18.0,23.0,29.0,33.0,38.0,39.0,40.0,34.0,34.0,35.0,34.0,39.0,43.0,44.0,39.0,38.0,42.0,41.0,39,1,0,0,0,0,0,0,39,16,3
43.0,11.0,35.0,18.0,56.0,60.0,59.0,44.0,44.0,18.0,23.0,29.0,33.0,38.0,39.0,40.0,34.0,34.0,35.0,34.0,39.0,43.0,44.0,39.0,38.0,42.0,41.0,39.0,43,0,0,1,0,0,0,0,43,17,3
11.0,35.0,18.0,56.0,60.0,59.0,44.0,44.0,18.0,23.0,29.0,33.0,38.0,39.0,40.0,34.0,34.0,35.0,34.0,39.0,43.0,44.0,39.0,38.0,42.0,41.0,39.0,43.0,47,0,0,0,1,0,0,0,47,18,3
35.0,18.0,56.0,60.0,59.0,44.0,44.0,18.0,23.0,29.0,33.0,38.0,39.0,40.0,34.0,34.0,35.0,34.0,39.0,43.0,44.0,39.0,38.0,42.0,41.0,39.0,43.0,47.0,37,0,1,0,0,0,0,0,37,19,3
18.0,56.0,60.0,59.0,44.0,44.0,18.0,23.0,29.0,33.0,38.0,39.0,40.0,34.0,34.0,35.0,34.0,39.0,43.0,44.0,39.0,38.0,42.0,41.0,39.0,43.0,47.0,37.0,32,0,0,0,0,0,1,0,32,20,3
56.0,60.0,59.0,44.0,44.0,18.0,23.0,29.0,33.0,38.0,39.0,40.0,34.0,34.0,35.0,34.0,39.0,43.0,44.0,39.0,38.0,42.0,41.0,39.0,43.0,47.0,37.0,32.0,37,0,0,0,0,0,0,1,37,21,3
60.0,59.0,44.0,44.0,18.0,23.0,29.0,33.0,38.0,39.0,40.0,34.0,34.0,35.0,34.0,39.0,43.0,44.0,39.0,38.0,42.0,41.0,39.0,43.0,47.0,37.0,32.0,37.0,40,0,0,0,0,1,0,0,40,22,3
59.0,44.0,44.0,18.0,23.0,29.0,33.0,38.0,39.0,40.0,34.0,34.0,35.0,34.0,39.0,43.0,44.0,39.0,38.0,42.0,41.0,39.0,43.0,47.0,37.0,32.0,37.0,40.0,37,1,0,0,0,0,0,0,37,23,3
44.0,44.0,18.0,23.0,29.0,33.0,38.0,39.0,40.0,34.0,34.0,35.0,34.0,39.0,43.0,44.0,39.0,38.0,42.0,41.0,39.0,43.0,47.0,37.0,32.0,37.0,40.0,37.0,40,0,0,1,0,0,0,0,40,24,3
44.0,18.0,23.0,29.0,33.0,38.0,39.0,40.0,34.0,34.0,35.0,34.0,39.0,43.0,44.0,39.0,38.0,42.0,41.0,39.0,43.0,47.0,37.0,32.0,37.0,40.0,37.0,40.0,40,0,0,0,1,0,0,0,40,25,3
18.0,23.0,29.0,33.0,38.0,39.0,40.0,34.0,34.0,35.0,34.0,39.0,43.0,44.0,39.0,38.0,42.0,41.0,39.0,43.0,47.0,37.0,32.0,37.0,40.0,37.0,40.0,40.0,42,0,1,0,0,0,0,0,42,26,3
23.0,29.0,33.0,38.0,39.0,40.0,34.0,34.0,35.0,34.0,39.0,43.0,44.0,39.0,38.0,42.0,41.0,39.0,43.0,47.0,37.0,32.0,37.0,40.0,37.0,40.0,40.0,42.0,29,0,0,0,0,0,1,0,29,27,3
29.0,33.0,38.0,39.0,40.0,34.0,34.0,35.0,34.0,39.0,43.0,44.0,39.0,38.0,42.0,41.0,39.0,43.0,47.0,37.0,32.0,37.0,40.0,37.0,40.0,40.0,42.0,29.0,33,0,0,0,0,0,0,1,33,28,3
33.0,38.0,39.0,40.0,34.0,34.0,35.0,34.0,39.0,43.0,44.0,39.0,38.0,42.0,41.0,39.0,43.0,47.0,37.0,32.0,37.0,40.0,37.0,40.0,40.0,42.0,29.0,33.0,29,0,0,0,0,1,0,0,29,29,3
38.0,39.0,40.0,34.0,34.0,35.0,34.0,39.0,43.0,44.0,39.0,38.0,42.0,41.0,39.0,43.0,47.0,37.0,32.0,37.0,40.0,37.0,40.0,40.0,42.0,29.0,33.0,29.0,41,1,0,0,0,0,0,0,41,30,3
39.0,40.0,34.0,34.0,35.0,34.0,39.0,43.0,44.0,39.0,38.0,42.0,41.0,39.0,43.0,47.0,37.0,32.0,37.0,40.0,37.0,40.0,40.0,42.0,29.0,33.0,29.0,41.0,36,0,0,1,0,0,0,0,36,31,3
40.0,34.0,34.0,35.0,34.0,39.0,43.0,44.0,39.0,38.0,42.0,41.0,39.0,43.0,47.0,37.0,32.0,37.0,40.0,37.0,40.0,40.0,42.0,29.0,33.0,29.0,41.0,36.0,42,0,0,0,1,0,0,0,42,1,4
34.0,34.0,35.0,34.0,39.0,43.0,44.0,39.0,38.0,42.0,41.0,39.0,43.0,47.0,37.0,32.0,37.0,40.0,37.0,40.0,40.0,42.0,29.0,33.0,29.0,41.0,36.0,42.0,35,0,1,0,0,0,0,0,35,2,4
34.0,35.0,34.0,39.0,43.0,44.0,39.0,38.0,42.0,41.0,39.0,43.0,47.0,37.0,32.0,37.0,40.0,37.0,40.0,40.0,42.0,29.0,33.0,29.0,41.0,36.0,42.0,35.0,33,0,0,0,0,0,1,0,33,3,4
35.0,34.0,39.0,43.0,44.0,39.0,38.0,42.0,41.0,39.0,43.0,47.0,37.0,32.0,37.0,40.0,37.0,40.0,40.0,42.0,29.0,33.0,29.0,41.0,36.0,42.0,35.0,33.0,38,0,0,0,0,0,0,1,38,4,4
34.0,39.0,43.0,44.0,39.0,38.0,42.0,41.0,39.0,43.0,47.0,37.0,32.0,37.0,40.0,37.0,40.0,40.0,42.0,29.0,33.0,29.0,41.0,36.0,42.0,35.0,33.0,38.0,44,0,0,0,0,1,0,0,44,5,4
39.0,43.0,44.0,39.0,38.0,42.0,41.0,39.0,43.0,47.0,37.0,32.0,37.0,40.0,37.0,40.0,40.0,42.0,29.0,33.0,29.0,41.0,36.0,42.0,35.0,33.0,38.0,44.0,44,1,0,0,0,0,0,0,44,6,4
43.0,44.0,39.0,38.0,42.0,41.0,39.0,43.0,47.0,37.0,32.0,37.0,40.0,37.0,40.0,40.0,42.0,29.0,33.0,29.0,41.0,36.0,42.0,35.0,33.0,38.0,44.0,44.0,38,0,0,1,0,0,0,0,38,7,4
44.0,39.0,38.0,42.0,41.0,39.0,43.0,47.0,37.0,32.0,37.0,40.0,37.0,40.0,40.0,42.0,29.0,33.0,29.0,41.0,36.0,42.0,35.0,33.0,38.0,44.0,44.0,38.0,44,0,0,0,1,0,0,0,44,8,4
39.0,38.0,42.0,41.0,39.0,43.0,47.0,37.0,32.0,37.0,40.0,37.0,40.0,40.0,42.0,29.0,33.0,29.0,41.0,36.0,42.0,35.0,33.0,38.0,44.0,44.0,38.0,44.0,37,0,1,0,0,0,0,0,37,9,4
38.0,42.0,41.0,39.0,43.0,47.0,37.0,32.0,37.0,40.0,37.0,40.0,40.0,42.0,29.0,33.0,29.0,41.0,36.0,42.0,35.0,33.0,38.0,44.0,44.0,38.0,44.0,37.0,48,0,0,0,0,0,1,0,48,10,4
42.0,41.0,39.0,43.0,47.0,37.0,32.0,37.0,40.0,37.0,40.0,40.0,42.0,29.0,33.0,29.0,41.0,36.0,42.0,35.0,33.0,38.0,44.0,44.0,38.0,44.0,37.0,48.0,51,0,0,0,0,0,0,1,51,11,4
41.0,39.0,43.0,47.0,37.0,32.0,37.0,40.0,37.0,40.0,40.0,42.0,29.0,33.0,29.0,41.0,36.0,42.0,35.0,33.0,38.0,44.0,44.0,38.0,44.0,37.0,48.0,51.0,48,0,0,0,0,1,0,0,48,12,4
39.0,43.0,47.0,37.0,32.0,37.0,40.0,37.0,40.0,40.0,42.0,29.0,33.0,29.0,41.0,36.0,42.0,35.0,33.0,38.0,44.0,44.0,38.0,44.0,37.0,48.0,51.0,48.0,30,1,0,0,0,0,0,0,30,13,4
43.0,47.0,37.0,32.0,37.0,40.0,37.0,40.0,40.0,42.0,29.0,33.0,29.0,41.0,36.0,42.0,35.0,33.0,38.0,44.0,44.0,38.0,44.0,37.0,48.0,51.0,48.0,30.0,34,0,0,1,0,0,0,0,34,14,4
47.0,37.0,32.0,37.0,40.0,37.0,40.0,40.0,42.0,29.0,33.0,29.0,41.0,36.0,42.0,35.0,33.0,38.0,44.0,44.0,38.0,44.0,37.0,48.0,51.0,48.0,30.0,34.0,34,0,0,0,1,0,0,0,34,15,4
37.0,32.0,37.0,40.0,37.0,40.0,40.0,42.0,29.0,33.0,29.0,41.0,36.0,42.0,35.0,33.0,38.0,44.0,44.0,38.0,44.0,37.0,48.0,51.0,48.0,30.0,34.0,34.0,31,0,1,0,0,0,0,0,31,16,4
32.0,37.0,40.0,37.0,40.0,40.0,42.0,29.0,33.0,29.0,41.0,36.0,42.0,35.0,33.0,38.0,44.0,44.0,38.0,44.0,37.0,48.0,51.0,48.0,30.0,34.0,34.0,31.0,37,0,0,0,0,0,1,0,37,17,4
37.0,40.0,37.0,40.0,40.0,42.0,29.0,33.0,29.0,41.0,36.0,42.0,35.0,33.0,38.0,44.0,44.0,38.0,44.0,37.0,48.0,51.0,48.0,30.0,34.0,34.0,31.0,37.0,37,0,0,0,0,0,0,1,37,18,4
40.0,37.0,40.0,40.0,42.0,29.0,33.0,29.0,41.0,36.0,42.0,35.0,33.0,38.0,44.0,44.0,38.0,44.0,37.0,48.0,51.0,48.0,30.0,34.0,34.0,31.0,37.0,37.0,49,0,0,0,0,1,0,0,49,19,4
37.0,40.0,40.0,42.0,29.0,33.0,29.0,41.0,36.0,42.0,35.0,33.0,38.0,44.0,44.0,38.0,44.0,37.0,48.0,51.0,48.0,30.0,34.0,34.0,31.0,37.0,37.0,49.0,46,1,0,0,0,0,0,0,46,20,4
40.0,40.0,42.0,29.0,33.0,29.0,41.0,36.0,42.0,35.0,33.0,38.0,44.0,44.0,38.0,44.0,37.0,48.0,51.0,48.0,30.0,34.0,34.0,31.0,37.0,37.0,49.0,46.0,40,0,0,1,0,0,0,0,40,21,4
40.0,42.0,29.0,33.0,29.0,41.0,36.0,42.0,35.0,33.0,38.0,44.0,44.0,38.0,44.0,37.0,48.0,51.0,48.0,30.0,34.0,34.0,31.0,37.0,37.0,49.0,46.0,40.0,51,0,0,0,1,0,0,0,51,22,4
42.0,29.0,33.0,29.0,41.0,36.0,42.0,35.0,33.0,38.0,44.0,44.0,38.0,44.0,37.0,48.0,51.0,48.0,30.0,34.0,34.0,31.0,37.0,37.0,49.0,46.0,40.0,51.0,77,0,1,0,0,0,0,0,77,23,4
29.0,33.0,29.0,41.0,36.0,42.0,35.0,33.0,38.0,44.0,44.0,38.0,44.0,37.0,48.0,51.0,48.0,30.0,34.0,34.0,31.0,37.0,37.0,49.0,46.0,40.0,51.0,77.0,41,0,0,0,0,0,1,0,41,24,4
33.0,29.0,41.0,36.0,42.0,35.0,33.0,38.0,44.0,44.0,38.0,44.0,37.0,48.0,51.0,48.0,30.0,34.0,34.0,31.0,37.0,37.0,49.0,46.0,40.0,51.0,77.0,41.0,44,0,0,0,0,0,0,1,44,25,4
29.0,41.0,36.0,42.0,35.0,33.0,38.0,44.0,44.0,38.0,44.0,37.0,48.0,51.0,48.0,30.0,34.0,34.0,31.0,37.0,37.0,49.0,46.0,40.0,51.0,77.0,41.0,44.0,44,0,0,0,0,1,0,0,44,26,4
41.0,36.0,42.0,35.0,33.0,38.0,44.0,44.0,38.0,44.0,37.0,48.0,51.0,48.0,30.0,34.0,34.0,31.0,37.0,37.0,49.0,46.0,40.0,51.0,77.0,41.0,44.0,44.0,48,1,0,0,0,0,0,0,48,27,4
36.0,42.0,35.0,33.0,38.0,44.0,44.0,38.0,44.0,37.0,48.0,51.0,48.0,30.0,34.0,34.0,31.0,37.0,37.0,49.0,46.0,40.0,51.0,77.0,41.0,44.0,44.0,48.0,34,0,0,1,0,0,0,0,34,28,4
42.0,35.0,33.0,38.0,44.0,44.0,38.0,44.0,37.0,48.0,51.0,48.0,30.0,34.0,34.0,31.0,37.0,37.0,49.0,46.0,40.0,51.0,77.0,41.0,44.0,44.0,48.0,34.0,45,0,0,0,1,0,0,0,45,29,4
35.0,33.0,38.0,44.0,44.0,38.0,44.0,37.0,48.0,51.0,48.0,30.0,34.0,34.0,31.0,37.0,37.0,49.0,46.0,40.0,51.0,77.0,41.0,44.0,44.0,48.0,34.0,45.0,71,0,1,0,0,0,0,0,71,30,4
33.0,38.0,44.0,44.0,38.0,44.0,37.0,48.0,51.0,48.0,30.0,34.0,34.0,31.0,37.0,37.0,49.0,46.0,40.0,51.0,77.0,41.0,44.0,44.0,48.0,34.0,45.0,71.0,74,0,0,0,0,0,1,0,74,1,5
38.0,44.0,44.0,38.0,44.0,37.0,48.0,51.0,48.0,30.0,34.0,34.0,31.0,37.0,37.0,49.0,46.0,40.0,51.0,77.0,41.0,44.0,44.0,48.0,34.0,45.0,71.0,74.0,54,0,0,0,0,0,0,1,54,2,5
44.0,44.0,38.0,44.0,37.0,48.0,51.0,48.0,30.0,34.0,34.0,31.0,37.0,37.0,49.0,46.0,40.0,51.0,77.0,41.0,44.0,44.0,48.0,34.0,45.0,71.0,74.0,54.0,31,0,0,0,0,1,0,0,31,3,5
44.0,38.0,44.0,37.0,48.0,51.0,48.0,30.0,34.0,34.0,31.0,37.0,37.0,49.0,46.0,40.0,51.0,77.0,41.0,44.0,44.0,48.0,34.0,45.0,71.0,74.0,54.0,31.0,45,1,0,0,0,0,0,0,45,4,5
38.0,44.0,37.0,48.0,51.0,48.0,30.0,34.0,34.0,31.0,37.0,37.0,49.0,46.0,40.0,51.0,77.0,41.0,44.0,44.0,48.0,34.0,45.0,71.0,74.0,54.0,31.0,45.0,64,0,0,1,0,0,0,0,64,5,5
44.0,37.0,48.0,51.0,48.0,30.0,34.0,34.0,31.0,37.0,37.0,49.0,46.0,40.0,51.0,77.0,41.0,44.0,44.0,48.0,34.0,45.0,71.0,74.0,54.0,31.0,45.0,64.0,48,0,0,0,1,0,0,0,48,6,5
37.0,48.0,51.0,48.0,30.0,34.0,34.0,31.0,37.0,37.0,49.0,46.0,40.0,51.0,77.0,41.0,44.0,44.0,48.0,34.0,45.0,71.0,74.0,54.0,31.0,45.0,64.0,48.0,46,0,1,0,0,0,0,0,46,7,5
48.0,51.0,48.0,30.0,34.0,34.0,31.0,37.0,37.0,49.0,46.0,40.0,51.0,77.0,41.0,44.0,44.0,48.0,34.0,45.0,71.0,74.0,54.0,31.0,45.0,64.0,48.0,46.0,51,0,0,0,0,0,1,0,51,8,5
51.0,48.0,30.0,34.0,34.0,31.0,37.0,37.0,49.0,46.0,40.0,51.0,77.0,41.0,44.0,44.0,48.0,34.0,45.0,71.0,74.0,54.0,31.0,45.0,64.0,48.0,46.0,51.0,67,0,0,0,0,0,0,1,67,9,5
48.0,30.0,34.0,34.0,31.0,37.0,37.0,49.0,46.0,40.0,51.0,77.0,41.0,44.0,44.0,48.0,34.0,45.0,71.0,74.0,54.0,31.0,45.0,64.0,48.0,46.0,51.0,67.0,43,0,0,0,0,1,0,0,43,10,5
30.0,34.0,34.0,31.0,37.0,37.0,49.0,46.0,40.0,51.0,77.0,41.0,44.0,44.0,48.0,34.0,45.0,71.0,74.0,54.0,31.0,45.0,64.0,48.0,46.0,51.0,67.0,43.0,27,1,0,0,0,0,0,0,27,11,5
34.0,34.0,31.0,37.0,37.0,49.0,46.0,40.0,51.0,77.0,41.0,44.0,44.0,48.0,34.0,45.0,71.0,74.0,54.0,31.0,45.0,64.0,48.0,46.0,51.0,67.0,43.0,27.0,22,0,0,1,0,0,0,0,22,12,5
34.0,31.0,37.0,37.0,49.0,46.0,40.0,51.0,77.0,41.0,44.0,44.0,48.0,34.0,45.0,71.0,74.0,54.0,31.0,45.0,64.0,48.0,46.0,51.0,67.0,43.0,27.0,22.0,46,0,0,0,1,0,0,0,46,13,5
31.0,37.0,37.0,49.0,46.0,40.0,51.0,77.0,41.0,44.0,44.0,48.0,34.0,45.0,71.0,74.0,54.0,31.0,45.0,64.0,48.0,46.0,51.0,67.0,43.0,27.0,22.0,46.0,40,0,1,0,0,0,0,0,40,14,5
37.0,37.0,49.0,46.0,40.0,51.0,77.0,41.0,44.0,44.0,48.0,34.0,45.0,71.0,74.0,54.0,31.0,45.0,64.0,48.0,46.0,51.0,67.0,43.0,27.0,22.0,46.0,40.0,47,0,0,0,0,0,1,0,47,15,5
37.0,49.0,46.0,40.0,51.0,77.0,41.0,44.0,44.0,48.0,34.0,45.0,71.0,74.0,54.0,31.0,45.0,64.0,48.0,46.0,51.0,67.0,43.0,27.0,22.0,46.0,40.0,47.0,61,0,0,0,0,0,0,1,61,16,5
49.0,46.0,40.0,51.0,77.0,41.0,44.0,44.0,48.0,34.0,45.0,71.0,74.0,54.0,31.0,45.0,64.0,48.0,46.0,51.0,67.0,43.0,27.0,22.0,46.0,40.0,47.0,61.0,51,0,0,0,0,1,0,0,51,17,5
46.0,40.0,51.0,77.0,41.0,44.0,44.0,48.0,34.0,45.0,71.0,74.0,54.0,31.0,45.0,64.0,48.0,46.0,51.0,67.0,43.0,27.0,22.0,46.0,40.0,47.0,61.0,51.0,44,1,0,0,0,0,0,0,44,18,5
40.0,51.0,77.0,41.0,44.0,44.0,48.0,34.0,45.0,71.0,74.0,54.0,31.0,45.0,64.0,48.0,46.0,51.0,67.0,43.0,27.0,22.0,46.0,40.0,47.0,61.0,51.0,44.0,32,0,0,1,0,0,0,0,32,19,5
51.0,77.0,41.0,44.0,44.0,48.0,34.0,45.0,71.0,74.0,54.0,31.0,45.0,64.0,48.0,46.0,51.0,67.0,43.0,27.0,22.0,46.0,40.0,47.0,61.0,51.0,44.0,32.0,30,0,0,0,1,0,0,0,30,20,5
77.0,41.0,44.0,44.0,48.0,34.0,45.0,71.0,74.0,54.0,31.0,45.0,64.0,48.0,46.0,51.0,67.0,43.0,27.0,22.0,46.0,40.0,47.0,61.0,51.0,44.0,32.0,30.0,41,0,1,0,0,0,0,0,41,21,5
41.0,44.0,44.0,48.0,34.0,45.0,71.0,74.0,54.0,31.0,45.0,64.0,48.0,46.0,51.0,67.0,43.0,27.0,22.0,46.0,40.0,47.0,61.0,51.0,44.0,32.0,30.0,41.0,37,0,0,0,0,0,1,0,37,22,5
44.0,44.0,48.0,34.0,45.0,71.0,74.0,54.0,31.0,45.0,64.0,48.0,46.0,51.0,67.0,43.0,27.0,22.0,46.0,40.0,47.0,61.0,51.0,44.0,32.0,30.0,41.0,37.0,58,0,0,0,0,0,0,1,58,23,5
44.0,48.0,34.0,45.0,71.0,74.0,54.0,31.0,45.0,64.0,48.0,46.0,51.0,67.0,43.0,27.0,22.0,46.0,40.0,47.0,61.0,51.0,44.0,32.0,30.0,41.0,37.0,58.0,93,0,0,0,0,1,0,0,93,24,5
48.0,34.0,45.0,71.0,74.0,54.0,31.0,45.0,64.0,48.0,46.0,51.0,67.0,43.0,27.0,22.0,46.0,40.0,47.0,61.0,51.0,44.0,32.0,30.0,41.0,37.0,58.0,93.0,108,1,0,0,0,0,0,0,108,25,5
34.0,45.0,71.0,74.0,54.0,31.0,45.0,64.0,48.0,46.0,51.0,67.0,43.0,27.0,22.0,46.0,40.0,47.0,61.0,51.0,44.0,32.0,30.0,41.0,37.0,58.0,93.0,108.0,67,0,0,1,0,0,0,0,67,26,5
45.0,71.0,74.0,54.0,31.0,45.0,64.0,48.0,46.0,51.0,67.0,43.0,27.0,22.0,46.0,40.0,47.0,61.0,51.0,44.0,32.0,30.0,41.0,37.0,58.0,93.0,108.0,67.0,84,0,0,0,1,0,0,0,84,27,5
71.0,74.0,54.0,31.0,45.0,64.0,48.0,46.0,51.0,67.0,43.0,27.0,22.0,46.0,40.0,47.0,61.0,51.0,44.0,32.0,30.0,41.0,37.0,58.0,93.0,108.0,67.0,84.0,122,0,1,0,0,0,0,0,122,28,5
74.0,54.0,31.0,45.0,64.0,48.0,46.0,51.0,67.0,43.0,27.0,22.0,46.0,40.0,47.0,61.0,51.0,44.0,32.0,30.0,41.0,37.0,58.0,93.0,108.0,67.0,84.0,122.0,112,0,0,0,0,0,1,0,112,29,5
54.0,31.0,45.0,64.0,48.0,46.0,51.0,67.0,43.0,27.0,22.0,46.0,40.0,47.0,61.0,51.0,44.0,32.0,30.0,41.0,37.0,58.0,93.0,108.0,67.0,84.0,122.0,112.0,36,0,0,0,0,0,0,1,36,30,5
31.0,45.0,64.0,48.0,46.0,51.0,67.0,43.0,27.0,22.0,46.0,40.0,47.0,61.0,51.0,44.0,32.0,30.0,41.0,37.0,58.0,93.0,108.0,67.0,84.0,122.0,112.0,36.0,71,0,0,0,0,1,0,0,71,31,5
45.0,64.0,48.0,46.0,51.0,67.0,43.0,27.0,22.0,46.0,40.0,47.0,61.0,51.0,44.0,32.0,30.0,41.0,37.0,58.0,93.0,108.0,67.0,84.0,122.0,112.0,36.0,71.0,44,1,0,0,0,0,0,0,44,1,6
64.0,48.0,46.0,51.0,67.0,43.0,27.0,22.0,46.0,40.0,47.0,61.0,51.0,44.0,32.0,30.0,41.0,37.0,58.0,93.0,108.0,67.0,84.0,122.0,112.0,36.0,71.0,44.0,30,0,0,1,0,0,0,0,30,2,6
48.0,46.0,51.0,67.0,43.0,27.0,22.0,46.0,40.0,47.0,61.0,51.0,44.0,32.0,30.0,41.0,37.0,58.0,93.0,108.0,67.0,84.0,122.0,112.0,36.0,71.0,44.0,30.0,36,0,0,0,1,0,0,0,36,3,6
46.0,51.0,67.0,43.0,27.0,22.0,46.0,40.0,47.0,61.0,51.0,44.0,32.0,30.0,41.0,37.0,58.0,93.0,108.0,67.0,84.0,122.0,112.0,36.0,71.0,44.0,30.0,36.0,37,0,1,0,0,0,0,0,37,4,6
51.0,67.0,43.0,27.0,22.0,46.0,40.0,47.0,61.0,51.0,44.0,32.0,30.0,41.0,37.0,58.0,93.0,108.0,67.0,84.0,122.0,112.0,36.0,71.0,44.0,30.0,36.0,37.0,29,0,0,0,0,0,1,0,29,5,6
67.0,43.0,27.0,22.0,46.0,40.0,47.0,61.0,51.0,44.0,32.0,30.0,41.0,37.0,58.0,93.0,108.0,67.0,84.0,122.0,112.0,36.0,71.0,44.0,30.0,36.0,37.0,29.0,45,0,0,0,0,0,0,1,45,6,6
43.0,27.0,22.0,46.0,40.0,47.0,61.0,51.0,44.0,32.0,30.0,41.0,37.0,58.0,93.0,108.0,67.0,84.0,122.0,112.0,36.0,71.0,44.0,30.0,36.0,37.0,29.0,45.0,105,0,0,0,0,1,0,0,105,7,6
27.0,22.0,46.0,40.0,47.0,61.0,51.0,44.0,32.0,30.0,41.0,37.0,58.0,93.0,108.0,67.0,84.0,122.0,112.0,36.0,71.0,44.0,30.0,36.0,37.0,29.0,45.0,105.0,119,1,0,0,0,0,0,0,119,8,6
22.0,46.0,40.0,47.0,61.0,51.0,44.0,32.0,30.0,41.0,37.0,58.0,93.0,108.0,67.0,84.0,122.0,112.0,36.0,71.0,44.0,30.0,36.0,37.0,29.0,45.0,105.0,119.0,32,0,0,1,0,0,0,0,32,9,6
46.0,40.0,47.0,61.0,51.0,44.0,32.0,30.0,41.0,37.0,58.0,93.0,108.0,67.0,84.0,122.0,112.0,36.0,71.0,44.0,30.0,36.0,37.0,29.0,45.0,105.0,119.0,32.0,40,0,0,0,1,0,0,0,40,10,6
40.0,47.0,61.0,51.0,44.0,32.0,30.0,41.0,37.0,58.0,93.0,108.0,67.0,84.0,122.0,112.0,36.0,71.0,44.0,30.0,36.0,37.0,29.0,45.0,105.0,119.0,32.0,40.0,46,0,1,0,0,0,0,0,46,11,6
47.0,61.0,51.0,44.0,32.0,30.0,41.0,37.0,58.0,93.0,108.0,67.0,84.0,122.0,112.0,36.0,71.0,44.0,30.0,36.0,37.0,29.0,45.0,105.0,119.0,32.0,40.0,46.0,38,0,0,0,0,0,1,0,38,12,6
61.0,51.0,44.0,32.0,30.0,41.0,37.0,58.0,93.0,108.0,67.0,84.0,122.0,112.0,36.0,71.0,44.0,30.0,36.0,37.0,29.0,45.0,105.0,119.0,32.0,40.0,46.0,38.0,46,0,0,0,0,0,0,1,46,13,6
51.0,44.0,32.0,30.0,41.0,37.0,58.0,93.0,108.0,67.0,84.0,122.0,112.0,36.0,71.0,44.0,30.0,36.0,37.0,29.0,45.0,105.0,119.0,32.0,40.0,46.0,38.0,46.0,45,0,0,0,0,1,0,0,45,14,6
44.0,32.0,30.0,41.0,37.0,58.0,93.0,108.0,67.0,84.0,122.0,112.0,36.0,71.0,44.0,30.0,36.0,37.0,29.0,45.0,105.0,119.0,32.0,40.0,46.0,38.0,46.0,45.0,84,1,0,0,0,0,0,0,84,15,6
32.0,30.0,41.0,37.0,58.0,93.0,108.0,67.0,84.0,122.0,112.0,36.0,71.0,44.0,30.0,36.0,37.0,29.0,45.0,105.0,119.0,32.0,40.0,46.0,38.0,46.0,45.0,84.0,47,0,0,1,0,0,0,0,47,16,6
30.0,41.0,37.0,58.0,93.0,108.0,67.0,84.0,122.0,112.0,36.0,71.0,44.0,30.0,36.0,37.0,29.0,45.0,105.0,119.0,32.0,40.0,46.0,38.0,46.0,45.0,84.0,47.0,74,0,0,0,1,0,0,0,74,17,6
41.0,37.0,58.0,93.0,108.0,67.0,84.0,122.0,112.0,36.0,71.0,44.0,30.0,36.0,37.0,29.0,45.0,105.0,119.0,32.0,40.0,46.0,38.0,46.0,45.0,84.0,47.0,74.0,40,0,1,0,0,0,0,0,40,18,6
37.0,58.0,93.0,108.0,67.0,84.0,122.0,112.0,36.0,71.0,44.0,30.0,36.0,37.0,29.0,45.0,105.0,119.0,32.0,40.0,46.0,38.0,46.0,45.0,84.0,47.0,74.0,40.0,31,0,0,0,0,0,1,0,31,19,6
58.0,93.0,108.0,67.0,84.0,122.0,112.0,36.0,71.0,44.0,30.0,36.0,37.0,29.0,45.0,105.0,119.0,32.0,40.0,46.0,38.0,46.0,45.0,84.0,47.0,74.0,40.0,31.0,41,0,0,0,0,0,0,1,41,20,6
93.0,108.0,67.0,84.0,122.0,112.0,36.0,71.0,44.0,30.0,36.0,37.0,29.0,45.0,105.0,119.0,32.0,40.0,46.0,38.0,46.0,45.0,84.0,47.0,74.0,40.0,31.0,41.0,49,0,0,0,0,1,0,0,49,21,6
108.0,67.0,84.0,122.0,112.0,36.0,71.0,44.0,30.0,36.0,37.0,29.0,45.0,105.0,119.0,32.0,40.0,46.0,38.0,46.0,45.0,84.0,47.0,74.0,40.0,31.0,41.0,49.0,36,1,0,0,0,0,0,0,36,22,6
67.0,84.0,122.0,112.0,36.0,71.0,44.0,30.0,36.0,37.0,29.0,45.0,105.0,119.0,32.0,40.0,46.0,38.0,46.0,45.0,84.0,47.0,74.0,40.0,31.0,41.0,49.0,36.0,35,0,0,1,0,0,0,0,35,23,6
84.0,122.0,112.0,36.0,71.0,44.0,30.0,36.0,37.0,29.0,45.0,105.0,119.0,32.0,40.0,46.0,38.0,46.0,45.0,84.0,47.0,74.0,40.0,31.0,41.0,49.0,36.0,35.0,31,0,0,0,1,0,0,0,31,24,6
122.0,112.0,36.0,71.0,44.0,30.0,36.0,37.0,29.0,45.0,105.0,119.0,32.0,40.0,46.0,38.0,46.0,45.0,84.0,47.0,74.0,40.0,31.0,41.0,49.0,36.0,35.0,31.0,25,0,1,0,0,0,0,0,25,25,6
112.0,36.0,71.0,44.0,30.0,36.0,37.0,29.0,45.0,105.0,119.0,32.0,40.0,46.0,38.0,46.0,45.0,84.0,47.0,74.0,40.0,31.0,41.0,49.0,36.0,35.0,31.0,25.0,140,1,0,0,0,0,0,0,140,29,6
36.0,71.0,44.0,30.0,36.0,37.0,29.0,45.0,105.0,119.0,32.0,40.0,46.0,38.0,46.0,45.0,84.0,47.0,74.0,40.0,31.0,41.0,49.0,36.0,35.0,31.0,25.0,140.0,58,0,0,1,0,0,0,0,58,30,6
71.0,44.0,30.0,36.0,37.0,29.0,45.0,105.0,119.0,32.0,40.0,46.0,38.0,46.0,45.0,84.0,47.0,74.0,40.0,31.0,41.0,49.0,36.0,35.0,31.0,25.0,140.0,58.0,84,0,0,0,1,0,0,0,84,1,7
44.0,30.0,36.0,37.0,29.0,45.0,105.0,119.0,32.0,40.0,46.0,38.0,46.0,45.0,84.0,47.0,74.0,40.0,31.0,41.0,49.0,36.0,35.0,31.0,25.0,140.0,58.0,84.0,54,0,1,0,0,0,0,0,54,2,7
30.0,36.0,37.0,29.0,45.0,105.0,119.0,32.0,40.0,46.0,38.0,46.0,45.0,84.0,47.0,74.0,40.0,31.0,41.0,49.0,36.0,35.0,31.0,25.0,140.0,58.0,84.0,54.0,87,0,0,0,0,0,1,0,87,3,7
36.0,37.0,29.0,45.0,105.0,119.0,32.0,40.0,46.0,38.0,46.0,45.0,84.0,47.0,74.0,40.0,31.0,41.0,49.0,36.0,35.0,31.0,25.0,140.0,58.0,84.0,54.0,87.0,98,0,0,0,0,0,0,1,98,4,7
37.0,29.0,45.0,105.0,119.0,32.0,40.0,46.0,38.0,46.0,45.0,84.0,47.0,74.0,40.0,31.0,41.0,49.0,36.0,35.0,31.0,25.0,140.0,58.0,84.0,54.0,87.0,98.0,41,1,0,0,0,0,0,0,41,6,7
29.0,45.0,105.0,119.0,32.0,40.0,46.0,38.0,46.0,45.0,84.0,47.0,74.0,40.0,31.0,41.0,49.0,36.0,35.0,31.0,25.0,140.0,58.0,84.0,54.0,87.0,98.0,41.0,41,0,0,1,0,0,0,0,41,7,7
45.0,105.0,119.0,32.0,40.0,46.0,38.0,46.0,45.0,84.0,47.0,74.0,40.0,31.0,41.0,49.0,36.0,35.0,31.0,25.0,140.0,58.0,84.0,54.0,87.0,98.0,41.0,41.0,101,0,0,0,1,0,0,0,101,8,7
105.0,119.0,32.0,40.0,46.0,38.0,46.0,45.0,84.0,47.0,74.0,40.0,31.0,41.0,49.0,36.0,35.0,31.0,25.0,140.0,58.0,84.0,54.0,87.0,98.0,41.0,41.0,101.0,97,0,1,0,0,0,0,0,97,9,7
119.0,32.0,40.0,46.0,38.0,46.0,45.0,84.0,47.0,74.0,40.0,31.0,41.0,49.0,36.0,35.0,31.0,25.0,140.0,58.0,84.0,54.0,87.0,98.0,41.0,41.0,101.0,97.0,44,0,0,0,0,0,1,0,44,10,7
32.0,40.0,46.0,38.0,46.0,45.0,84.0,47.0,74.0,40.0,31.0,41.0,49.0,36.0,35.0,31.0,25.0,140.0,58.0,84.0,54.0,87.0,98.0,41.0,41.0,101.0,97.0,44.0,39,0,0,0,0,0,0,1,39,11,7
40.0,46.0,38.0,46.0,45.0,84.0,47.0,74.0,40.0,31.0,41.0,49.0,36.0,35.0,31.0,25.0,140.0,58.0,84.0,54.0,87.0,98.0,41.0,41.0,101.0,97.0,44.0,39.0,50,0,0,0,0,1,0,0,50,12,7
46.0,38.0,46.0,45.0,84.0,47.0,74.0,40.0,31.0,41.0,49.0,36.0,35.0,31.0,25.0,140.0,58.0,84.0,54.0,87.0,98.0,41.0,41.0,101.0,97.0,44.0,39.0,50.0,151,1,0,0,0,0,0,0,151,13,7
38.0,46.0,45.0,84.0,47.0,74.0,40.0,31.0,41.0,49.0,36.0,35.0,31.0,25.0,140.0,58.0,84.0,54.0,87.0,98.0,41.0,41.0,101.0,97.0,44.0,39.0,50.0,151.0,74,0,0,1,0,0,0,0,74,14,7
46.0,45.0,84.0,47.0,74.0,40.0,31.0,41.0,49.0,36.0,35.0,31.0,25.0,140.0,58.0,84.0,54.0,87.0,98.0,41.0,41.0,101.0,97.0,44.0,39.0,50.0,151.0,74.0,87,0,0,0,1,0,0,0,87,15,7
45.0,84.0,47.0,74.0,40.0,31.0,41.0,49.0,36.0,35.0,31.0,25.0,140.0,58.0,84.0,54.0,87.0,98.0,41.0,41.0,101.0,97.0,44.0,39.0,50.0,151.0,74.0,87.0,61,0,1,0,0,0,0,0,61,16,7
84.0,47.0,74.0,40.0,31.0,41.0,49.0,36.0,35.0,31.0,25.0,140.0,58.0,84.0,54.0,87.0,98.0,41.0,41.0,101.0,97.0,44.0,39.0,50.0,151.0,74.0,87.0,61.0,32,0,0,0,0,0,1,0,32,17,7
47.0,74.0,40.0,31.0,41.0,49.0,36.0,35.0,31.0,25.0,140.0,58.0,84.0,54.0,87.0,98.0,41.0,41.0,101.0,97.0,44.0,39.0,50.0,151.0,74.0,87.0,61.0,32.0,44,0,0,0,0,0,0,1,44,18,7
74.0,40.0,31.0,41.0,49.0,36.0,35.0,31.0,25.0,140.0,58.0,84.0,54.0,87.0,98.0,41.0,41.0,101.0,97.0,44.0,39.0,50.0,151.0,74.0,87.0,61.0,32.0,44.0,51,0,0,0,0,1,0,0,51,19,7
40.0,31.0,41.0,49.0,36.0,35.0,31.0,25.0,140.0,58.0,84.0,54.0,87.0,98.0,41.0,41.0,101.0,97.0,44.0,39.0,50.0,151.0,74.0,87.0,61.0,32.0,44.0,51.0,48,1,0,0,0,0,0,0,48,20,7
31.0,41.0,49.0,36.0,35.0,31.0,25.0,140.0,58.0,84.0,54.0,87.0,98.0,41.0,41.0,101.0,97.0,44.0,39.0,50.0,151.0,74.0,87.0,61.0,32.0,44.0,51.0,48.0,42,0,0,1,0,0,0,0,42,21,7
41.0,49.0,36.0,35.0,31.0,25.0,140.0,58.0,84.0,54.0,87.0,98.0,41.0,41.0,101.0,97.0,44.0,39.0,50.0,151.0,74.0,87.0,61.0,32.0,44.0,51.0,48.0,42.0,44,0,0,0,1,0,0,0,44,22,7
49.0,36.0,35.0,31.0,25.0,140.0,58.0,84.0,54.0,87.0,98.0,41.0,41.0,101.0,97.0,44.0,39.0,50.0,151.0,74.0,87.0,61.0,32.0,44.0,51.0,48.0,42.0,44.0,46,0,1,0,0,0,0,0,46,23,7
36.0,35.0,31.0,25.0,140.0,58.0,84.0,54.0,87.0,98.0,41.0,41.0,101.0,97.0,44.0,39.0,50.0,151.0,74.0,87.0,61.0,32.0,44.0,51.0,48.0,42.0,44.0,46.0,47,0,0,0,0,0,1,0,47,24,7
35.0,31.0,25.0,140.0,58.0,84.0,54.0,87.0,98.0,41.0,41.0,101.0,97.0,44.0,39.0,50.0,151.0,74.0,87.0,61.0,32.0,44.0,51.0,48.0,42.0,44.0,46.0,47.0,50,0,0,0,0,0,0,1,50,25,7
31.0,25.0,140.0,58.0,84.0,54.0,87.0,98.0,41.0,41.0,101.0,97.0,44.0,39.0,50.0,151.0,74.0,87.0,61.0,32.0,44.0,51.0,48.0,42.0,44.0,46.0,47.0,50.0,43,0,0,0,0,1,0,0,43,26,7
25.0,140.0,58.0,84.0,54.0,87.0,98.0,41.0,41.0,101.0,97.0,44.0,39.0,50.0,151.0,74.0,87.0,61.0,32.0,44.0,51.0,48.0,42.0,44.0,46.0,47.0,50.0,43.0,32,1,0,0,0,0,0,0,32,27,7
140.0,58.0,84.0,54.0,87.0,98.0,41.0,41.0,101.0,97.0,44.0,39.0,50.0,151.0,74.0,87.0,61.0,32.0,44.0,51.0,48.0,42.0,44.0,46.0,47.0,50.0,43.0,32.0,37,0,0,1,0,0,0,0,37,28,7
58.0,84.0,54.0,87.0,98.0,41.0,41.0,101.0,97.0,44.0,39.0,50.0,151.0,74.0,87.0,61.0,32.0,44.0,51.0,48.0,42.0,44.0,46.0,47.0,50.0,43.0,32.0,37.0,43,0,0,0,1,0,0,0,43,29,7
84.0,54.0,87.0,98.0,41.0,41.0,101.0,97.0,44.0,39.0,50.0,151.0,74.0,87.0,61.0,32.0,44.0,51.0,48.0,42.0,44.0,46.0,47.0,50.0,43.0,32.0,37.0,43.0,47,0,1,0,0,0,0,0,47,30,7
54.0,87.0,98.0,41.0,41.0,101.0,97.0,44.0,39.0,50.0,151.0,74.0,87.0,61.0,32.0,44.0,51.0,48.0,42.0,44.0,46.0,47.0,50.0,43.0,32.0,37.0,43.0,47.0,50,0,0,0,0,0,1,0,50,31,7
87.0,98.0,41.0,41.0,101.0,97.0,44.0,39.0,50.0,151.0,74.0,87.0,61.0,32.0,44.0,51.0,48.0,42.0,44.0,46.0,47.0,50.0,43.0,32.0,37.0,43.0,47.0,50.0,43,0,0,0,0,0,0,1,43,1,8
98.0,41.0,41.0,101.0,97.0,44.0,39.0,50.0,151.0,74.0,87.0,61.0,32.0,44.0,51.0,48.0,42.0,44.0,46.0,47.0,50.0,43.0,32.0,37.0,43.0,47.0,50.0,43.0,64,0,0,0,0,1,0,0,64,2,8
41.0,41.0,101.0,97.0,44.0,39.0,50.0,151.0,74.0,87.0,61.0,32.0,44.0,51.0,48.0,42.0,44.0,46.0,47.0,50.0,43.0,32.0,37.0,43.0,47.0,50.0,43.0,64.0,67,1,0,0,0,0,0,0,67,3,8
41.0,101.0,97.0,44.0,39.0,50.0,151.0,74.0,87.0,61.0,32.0,44.0,51.0,48.0,42.0,44.0,46.0,47.0,50.0,43.0,32.0,37.0,43.0,47.0,50.0,43.0,64.0,67.0,126,0,0,1,0,0,0,0,126,4,8
101.0,97.0,44.0,39.0,50.0,151.0,74.0,87.0,61.0,32.0,44.0,51.0,48.0,42.0,44.0,46.0,47.0,50.0,43.0,32.0,37.0,43.0,47.0,50.0,43.0,64.0,67.0,126.0,54,0,0,0,1,0,0,0,54,5,8
97.0,44.0,39.0,50.0,151.0,74.0,87.0,61.0,32.0,44.0,51.0,48.0,42.0,44.0,46.0,47.0,50.0,43.0,32.0,37.0,43.0,47.0,50.0,43.0,64.0,67.0,126.0,54.0,44,0,1,0,0,0,0,0,44,6,8
44.0,39.0,50.0,151.0,74.0,87.0,61.0,32.0,44.0,51.0,48.0,42.0,44.0,46.0,47.0,50.0,43.0,32.0,37.0,43.0,47.0,50.0,43.0,64.0,67.0,126.0,54.0,44.0,67,0,0,0,0,0,1,0,67,7,8
39.0,50.0,151.0,74.0,87.0,61.0,32.0,44.0,51.0,48.0,42.0,44.0,46.0,47.0,50.0,43.0,32.0,37.0,43.0,47.0,50.0,43.0,64.0,67.0,126.0,54.0,44.0,67.0,47,0,0,0,0,0,0,1,47,8,8
50.0,151.0,74.0,87.0,61.0,32.0,44.0,51.0,48.0,42.0,44.0,46.0,47.0,50.0,43.0,32.0,37.0,43.0,47.0,50.0,43.0,64.0,67.0,126.0,54.0,44.0,67.0,47.0,45,0,0,0,0,1,0,0,45,9,8
151.0,74.0,87.0,61.0,32.0,44.0,51.0,48.0,42.0,44.0,46.0,47.0,50.0,43.0,32.0,37.0,43.0,47.0,50.0,43.0,64.0,67.0,126.0,54.0,44.0,67.0,47.0,45.0,34,1,0,0,0,0,0,0,34,10,8
74.0,87.0,61.0,32.0,44.0,51.0,48.0,42.0,44.0,46.0,47.0,50.0,43.0,32.0,37.0,43.0,47.0,50.0,43.0,64.0,67.0,126.0,54.0,44.0,67.0,47.0,45.0,34.0,42,0,0,1,0,0,0,0,42,11,8
87.0,61.0,32.0,44.0,51.0,48.0,42.0,44.0,46.0,47.0,50.0,43.0,32.0,37.0,43.0,47.0,50.0,43.0,64.0,67.0,126.0,54.0,44.0,67.0,47.0,45.0,34.0,42.0,52,0,0,0,1,0,0,0,52,12,8
61.0,32.0,44.0,51.0,48.0,42.0,44.0,46.0,47.0,50.0,43.0,32.0,37.0,43.0,47.0,50.0,43.0,64.0,67.0,126.0,54.0,44.0,67.0,47.0,45.0,34.0,42.0,52.0,47,0,0,0,0,0,1,0,47,14,8
32.0,44.0,51.0,48.0,42.0,44.0,46.0,47.0,50.0,43.0,32.0,37.0,43.0,47.0,50.0,43.0,64.0,67.0,126.0,54.0,44.0,67.0,47.0,45.0,34.0,42.0,52.0,47.0,64,0,0,0,0,0,0,1,64,15,8
44.0,51.0,48.0,42.0,44.0,46.0,47.0,50.0,43.0,32.0,37.0,43.0,47.0,50.0,43.0,64.0,67.0,126.0,54.0,44.0,67.0,47.0,45.0,34.0,42.0,52.0,47.0,64.0,19,0,0,0,0,1,0,0,19,16,8
51.0,48.0,42.0,44.0,46.0,47.0,50.0,43.0,32.0,37.0,43.0,47.0,50.0,43.0,64.0,67.0,126.0,54.0,44.0,67.0,47.0,45.0,34.0,42.0,52.0,47.0,64.0,19.0,34,1,0,0,0,0,0,0,34,17,8
48.0,42.0,44.0,46.0,47.0,50.0,43.0,32.0,37.0,43.0,47.0,50.0,43.0,64.0,67.0,126.0,54.0,44.0,67.0,47.0,45.0,34.0,42.0,52.0,47.0,64.0,19.0,34.0,54,0,0,1,0,0,0,0,54,18,8
42.0,44.0,46.0,47.0,50.0,43.0,32.0,37.0,43.0,47.0,50.0,43.0,64.0,67.0,126.0,54.0,44.0,67.0,47.0,45.0,34.0,42.0,52.0,47.0,64.0,19.0,34.0,54.0,31,0,0,0,1,0,0,0,31,19,8
44.0,46.0,47.0,50.0,43.0,32.0,37.0,43.0,47.0,50.0,43.0,64.0,67.0,126.0,54.0,44.0,67.0,47.0,45.0,34.0,42.0,52.0,47.0,64.0,19.0,34.0,54.0,31.0,36,0,1,0,0,0,0,0,36,20,8
46.0,47.0,50.0,43.0,32.0,37.0,43.0,47.0,50.0,43.0,64.0,67.0,126.0,54.0,44.0,67.0,47.0,45.0,34.0,42.0,52.0,47.0,64.0,19.0,34.0,54.0,31.0,36.0,43,0,0,0,0,0,1,0,43,21,8
47.0,50.0,43.0,32.0,37.0,43.0,47.0,50.0,43.0,64.0,67.0,126.0,54.0,44.0,67.0,47.0,45.0,34.0,42.0,52.0,47.0,64.0,19.0,34.0,54.0,31.0,36.0,43.0,30,0,0,0,0,0,0,1,30,22,8
50.0,43.0,32.0,37.0,43.0,47.0,50.0,43.0,64.0,67.0,126.0,54.0,44.0,67.0,47.0,45.0,34.0,42.0,52.0,47.0,64.0,19.0,34.0,54.0,31.0,36.0,43.0,30.0,40,0,0,0,0,1,0,0,40,23,8
43.0,32.0,37.0,43.0,47.0,50.0,43.0,64.0,67.0,126.0,54.0,44.0,67.0,47.0,45.0,34.0,42.0,52.0,47.0,64.0,19.0,34.0,54.0,31.0,36.0,43.0,30.0,40.0,45,1,0,0,0,0,0,0,45,24,8
32.0,37.0,43.0,47.0,50.0,43.0,64.0,67.0,126.0,54.0,44.0,67.0,47.0,45.0,34.0,42.0,52.0,47.0,64.0,19.0,34.0,54.0,31.0,36.0,43.0,30.0,40.0,45.0,37,0,0,1,0,0,0,0,37,25,8
37.0,43.0,47.0,50.0,43.0,64.0,67.0,126.0,54.0,44.0,67.0,47.0,45.0,34.0,42.0,52.0,47.0,64.0,19.0,34.0,54.0,31.0,36.0,43.0,30.0,40.0,45.0,37.0,43,0,0,0,1,0,0,0,43,26,8
43.0,47.0,50.0,43.0,64.0,67.0,126.0,54.0,44.0,67.0,47.0,45.0,34.0,42.0,52.0,47.0,64.0,19.0,34.0,54.0,31.0,36.0,43.0,30.0,40.0,45.0,37.0,43.0,61,0,1,0,0,0,0,0,61,27,8
47.0,50.0,43.0,64.0,67.0,126.0,54.0,44.0,67.0,47.0,45.0,34.0,42.0,52.0,47.0,64.0,19.0,34.0,54.0,31.0,36.0,43.0,30.0,40.0,45.0,37.0,43.0,61.0,44,0,0,0,0,0,1,0,44,28,8
50.0,43.0,64.0,67.0,126.0,54.0,44.0,67.0,47.0,45.0,34.0,42.0,52.0,47.0,64.0,19.0,34.0,54.0,31.0,36.0,43.0,30.0,40.0,45.0,37.0,43.0,61.0,44.0,42,0,0,0,0,0,0,1,42,29,8
43.0,64.0,67.0,126.0,54.0,44.0,67.0,47.0,45.0,34.0,42.0,52.0,47.0,64.0,19.0,34.0,54.0,31.0,36.0,43.0,30.0,40.0,45.0,37.0,43.0,61.0,44.0,42.0,32,0,0,0,0,1,0,0,32,30,8
64.0,67.0,126.0,54.0,44.0,67.0,47.0,45.0,34.0,42.0,52.0,47.0,64.0,19.0,34.0,54.0,31.0,36.0,43.0,30.0,40.0,45.0,37.0,43.0,61.0,44.0,42.0,32.0,61,1,0,0,0,0,0,0,61,31,8
67.0,126.0,54.0,44.0,67.0,47.0,45.0,34.0,42.0,52.0,47.0,64.0,19.0,34.0,54.0,31.0,36.0,43.0,30.0,40.0,45.0,37.0,43.0,61.0,44.0,42.0,32.0,61.0,40,0,0,1,0,0,0,0,40,1,9
126.0,54.0,44.0,67.0,47.0,45.0,34.0,42.0,52.0,47.0,64.0,19.0,34.0,54.0,31.0,36.0,43.0,30.0,40.0,45.0,37.0,43.0,61.0,44.0,42.0,32.0,61.0,40.0,34,0,0,0,1,0,0,0,34,2,9
54.0,44.0,67.0,47.0,45.0,34.0,42.0,52.0,47.0,64.0,19.0,34.0,54.0,31.0,36.0,43.0,30.0,40.0,45.0,37.0,43.0,61.0,44.0,42.0,32.0,61.0,40.0,34.0,31,0,1,0,0,0,0,0,31,3,9
44.0,67.0,47.0,45.0,34.0,42.0,52.0,47.0,64.0,19.0,34.0,54.0,31.0,36.0,43.0,30.0,40.0,45.0,37.0,43.0,61.0,44.0,42.0,32.0,61.0,40.0,34.0,31.0,44,0,0,0,0,0,1,0,44,4,9
67.0,47.0,45.0,34.0,42.0,52.0,47.0,64.0,19.0,34.0,54.0,31.0,36.0,43.0,30.0,40.0,45.0,37.0,43.0,61.0,44.0,42.0,32.0,61.0,40.0,34.0,31.0,44.0,44,0,0,0,0,0,0,1,44,5,9
47.0,45.0,34.0,42.0,52.0,47.0,64.0,19.0,34.0,54.0,31.0,36.0,43.0,30.0,40.0,45.0,37.0,43.0,61.0,44.0,42.0,32.0,61.0,40.0,34.0,31.0,44.0,44.0,24,0,0,0,0,1,0,0,24,6,9
45.0,34.0,42.0,52.0,47.0,64.0,19.0,34.0,54.0,31.0,36.0,43.0,30.0,40.0,45.0,37.0,43.0,61.0,44.0,42.0,32.0,61.0,40.0,34.0,31.0,44.0,44.0,24.0,29,1,0,0,0,0,0,0,29,7,9
34.0,42.0,52.0,47.0,64.0,19.0,34.0,54.0,31.0,36.0,43.0,30.0,40.0,45.0,37.0,43.0,61.0,44.0,42.0,32.0,61.0,40.0,34.0,31.0,44.0,44.0,24.0,29.0,23,0,0,1,0,0,0,0,23,8,9
42.0,52.0,47.0,64.0,19.0,34.0,54.0,31.0,36.0,43.0,30.0,40.0,45.0,37.0,43.0,61.0,44.0,42.0,32.0,61.0,40.0,34.0,31.0,44.0,44.0,24.0,29.0,23.0,21,0,0,0,1,0,0,0,21,9,9
52.0,47.0,64.0,19.0,34.0,54.0,31.0,36.0,43.0,30.0,40.0,45.0,37.0,43.0,61.0,44.0,42.0,32.0,61.0,40.0,34.0,31.0,44.0,44.0,24.0,29.0,23.0,21.0,14,0,1,0,0,0,0,0,14,10,9
47.0,64.0,19.0,34.0,54.0,31.0,36.0,43.0,30.0,40.0,45.0,37.0,43.0,61.0,44.0,42.0,32.0,61.0,40.0,34.0,31.0,44.0,44.0,24.0,29.0,23.0,21.0,14.0,39,0,0,0,0,0,1,0,39,11,9
64.0,19.0,34.0,54.0,31.0,36.0,43.0,30.0,40.0,45.0,37.0,43.0,61.0,44.0,42.0,32.0,61.0,40.0,34.0,31.0,44.0,44.0,24.0,29.0,23.0,21.0,14.0,39.0,33,0,0,0,0,0,0,1,33,12,9
19.0,34.0,54.0,31.0,36.0,43.0,30.0,40.0,45.0,37.0,43.0,61.0,44.0,42.0,32.0,61.0,40.0,34.0,31.0,44.0,44.0,24.0,29.0,23.0,21.0,14.0,39.0,33.0,19,0,0,0,0,1,0,0,19,13,9
34.0,54.0,31.0,36.0,43.0,30.0,40.0,45.0,37.0,43.0,61.0,44.0,42.0,32.0,61.0,40.0,34.0,31.0,44.0,44.0,24.0,29.0,23.0,21.0,14.0,39.0,33.0,19.0,61,1,0,0,0,0,0,0,61,14,9
54.0,31.0,36.0,43.0,30.0,40.0,45.0,37.0,43.0,61.0,44.0,42.0,32.0,61.0,40.0,34.0,31.0,44.0,44.0,24.0,29.0,23.0,21.0,14.0,39.0,33.0,19.0,61.0,40,0,0,1,0,0,0,0,40,15,9
31.0,36.0,43.0,30.0,40.0,45.0,37.0,43.0,61.0,44.0,42.0,32.0,61.0,40.0,34.0,31.0,44.0,44.0,24.0,29.0,23.0,21.0,14.0,39.0,33.0,19.0,61.0,40.0,29,0,0,0,1,0,0,0,29,16,9
36.0,43.0,30.0,40.0,45.0,37.0,43.0,61.0,44.0,42.0,32.0,61.0,40.0,34.0,31.0,44.0,44.0,24.0,29.0,23.0,21.0,14.0,39.0,33.0,19.0,61.0,40.0,29.0,36,0,1,0,0,0,0,0,36,17,9
43.0,30.0,40.0,45.0,37.0,43.0,61.0,44.0,42.0,32.0,61.0,40.0,34.0,31.0,44.0,44.0,24.0,29.0,23.0,21.0,14.0,39.0,33.0,19.0,61.0,40.0,29.0,36.0,51,0,0,0,0,0,1,0,51,18,9
30.0,40.0,45.0,37.0,43.0,61.0,44.0,42.0,32.0,61.0,40.0,34.0,31.0,44.0,44.0,24.0,29.0,23.0,21.0,14.0,39.0,33.0,19.0,61.0,40.0,29.0,36.0,51.0,33,0,0,0,0,0,0,1,33,19,9
40.0,45.0,37.0,43.0,61.0,44.0,42.0,32.0,61.0,40.0,34.0,31.0,44.0,44.0,24.0,29.0,23.0,21.0,14.0,39.0,33.0,19.0,61.0,40.0,29.0,36.0,51.0,33.0,31,0,0,0,0,1,0,0,31,20,9
45.0,37.0,43.0,61.0,44.0,42.0,32.0,61.0,40.0,34.0,31.0,44.0,44.0,24.0,29.0,23.0,21.0,14.0,39.0,33.0,19.0,61.0,40.0,29.0,36.0,51.0,33.0,31.0,41,1,0,0,0,0,0,0,41,21,9
37.0,43.0,61.0,44.0,42.0,32.0,61.0,40.0,34.0,31.0,44.0,44.0,24.0,29.0,23.0,21.0,14.0,39.0,33.0,19.0,61.0,40.0,29.0,36.0,51.0,33.0,31.0,41.0,30,0,0,1,0,0,0,0,30,22,9
43.0,61.0,44.0,42.0,32.0,61.0,40.0,34.0,31.0,44.0,44.0,24.0,29.0,23.0,21.0,14.0,39.0,33.0,19.0,61.0,40.0,29.0,36.0,51.0,33.0,31.0,41.0,30.0,38,0,0,0,1,0,0,0,38,23,9
61.0,44.0,42.0,32.0,61.0,40.0,34.0,31.0,44.0,44.0,24.0,29.0,23.0,21.0,14.0,39.0,33.0,19.0,61.0,40.0,29.0,36.0,51.0,33.0,31.0,41.0,30.0,38.0,18,0,1,0,0,0,0,0,18,24,9
44.0,42.0,32.0,61.0,40.0,34.0,31.0,44.0,44.0,24.0,29.0,23.0,21.0,14.0,39.0,33.0,19.0,61.0,40.0,29.0,36.0,51.0,33.0,31.0,41.0,30.0,38.0,18.0,23,0,0,0,0,0,1,0,23,25,9
42.0,32.0,61.0,40.0,34.0,31.0,44.0,44.0,24.0,29.0,23.0,21.0,14.0,39.0,33.0,19.0,61.0,40.0,29.0,36.0,51.0,33.0,31.0,41.0,30.0,38.0,18.0,23.0,33,0,0,0,0,0,0,1,33,26,9
32.0,61.0,40.0,34.0,31.0,44.0,44.0,24.0,29.0,23.0,21.0,14.0,39.0,33.0,19.0,61.0,40.0,29.0,36.0,51.0,33.0,31.0,41.0,30.0,38.0,18.0,23.0,33.0,28,0,0,0,0,1,0,0,28,27,9
61.0,40.0,34.0,31.0,44.0,44.0,24.0,29.0,23.0,21.0,14.0,39.0,33.0,19.0,61.0,40.0,29.0,36.0,51.0,33.0,31.0,41.0,30.0,38.0,18.0,23.0,33.0,28.0,28,1,0,0,0,0,0,0,28,28,9
40.0,34.0,31.0,44.0,44.0,24.0,29.0,23.0,21.0,14.0,39.0,33.0,19.0,61.0,40.0,29.0,36.0,51.0,33.0,31.0,41.0,30.0,38.0,18.0,23.0,33.0,28.0,28.0,31,0,0,1,0,0,0,0,31,29,9
34.0,31.0,44.0,44.0,24.0,29.0,23.0,21.0,14.0,39.0,33.0,19.0,61.0,40.0,29.0,36.0,51.0,33.0,31.0,41.0,30.0,38.0,18.0,23.0,33.0,28.0,28.0,31.0,19,0,0,0,1,0,0,0,19,30,9
31.0,44.0,44.0,24.0,29.0,23.0,21.0,14.0,39.0,33.0,19.0,61.0,40.0,29.0,36.0,51.0,33.0,31.0,41.0,30.0,38.0,18.0,23.0,33.0,28.0,28.0,31.0,19.0,27,0,0,0,0,0,1,0,27,2,10
44.0,44.0,24.0,29.0,23.0,21.0,14.0,39.0,33.0,19.0,61.0,40.0,29.0,36.0,51.0,33.0,31.0,41.0,30.0,38.0,18.0,23.0,33.0,28.0,28.0,31.0,19.0,27.0,31,0,0,0,0,0,0,1,31,3,10
44.0,24.0,29.0,23.0,21.0,14.0,39.0,33.0,19.0,61.0,40.0,29.0,36.0,51.0,33.0,31.0,41.0,30.0,38.0,18.0,23.0,33.0,28.0,28.0,31.0,19.0,27.0,31.0,24,0,0,0,0,1,0,0,24,4,10
24.0,29.0,23.0,21.0,14.0,39.0,33.0,19.0,61.0,40.0,29.0,36.0,51.0,33.0,31.0,41.0,30.0,38.0,18.0,23.0,33.0,28.0,28.0,31.0,19.0,27.0,31.0,24.0,16,1,0,0,0,0,0,0,16,5,10
29.0,23.0,21.0,14.0,39.0,33.0,19.0,61.0,40.0,29.0,36.0,51.0,33.0,31.0,41.0,30.0,38.0,18.0,23.0,33.0,28.0,28.0,31.0,19.0,27.0,31.0,24.0,16.0,24,0,0,1,0,0,0,0,24,6,10
23.0,21.0,14.0,39.0,33.0,19.0,61.0,40.0,29.0,36.0,51.0,33.0,31.0,41.0,30.0,38.0,18.0,23.0,33.0,28.0,28.0,31.0,19.0,27.0,31.0,24.0,16.0,24.0,15,0,0,0,1,0,0,0,15,7,10
21.0,14.0,39.0,33.0,19.0,61.0,40.0,29.0,36.0,51.0,33.0,31.0,41.0,30.0,38.0,18.0,23.0,33.0,28.0,28.0,31.0,19.0,27.0,31.0,24.0,16.0,24.0,15.0,35,0,1,0,0,0,0,0,35,8,10
14.0,39.0,33.0,19.0,61.0,40.0,29.0,36.0,51.0,33.0,31.0,41.0,30.0,38.0,18.0,23.0,33.0,28.0,28.0,31.0,19.0,27.0,31.0,24.0,16.0,24.0,15.0,35.0,48,0,0,0,0,0,1,0,48,9,10
39.0,33.0,19.0,61.0,40.0,29.0,36.0,51.0,33.0,31.0,41.0,30.0,38.0,18.0,23.0,33.0,28.0,28.0,31.0,19.0,27.0,31.0,24.0,16.0,24.0,15.0,35.0,48.0,22,0,0,0,0,0,0,1,22,10,10
33.0,19.0,61.0,40.0,29.0,36.0,51.0,33.0,31.0,41.0,30.0,38.0,18.0,23.0,33.0,28.0,28.0,31.0,19.0,27.0,31.0,24.0,16.0,24.0,15.0,35.0,48.0,22.0,24,0,0,0,0,1,0,0,24,11,10
19.0,61.0,40.0,29.0,36.0,51.0,33.0,31.0,41.0,30.0,38.0,18.0,23.0,33.0,28.0,28.0,31.0,19.0,27.0,31.0,24.0,16.0,24.0,15.0,35.0,48.0,22.0,24.0,30,1,0,0,0,0,0,0,30,12,10
61.0,40.0,29.0,36.0,51.0,33.0,31.0,41.0,30.0,38.0,18.0,23.0,33.0,28.0,28.0,31.0,19.0,27.0,31.0,24.0,16.0,24.0,15.0,35.0,48.0,22.0,24.0,30.0,31,0,0,1,0,0,0,0,31,13,10
40.0,29.0,36.0,51.0,33.0,31.0,41.0,30.0,38.0,18.0,23.0,33.0,28.0,28.0,31.0,19.0,27.0,31.0,24.0,16.0,24.0,15.0,35.0,48.0,22.0,24.0,30.0,31.0,31,0,0,0,1,0,0,0,31,14,10
29.0,36.0,51.0,33.0,31.0,41.0,30.0,38.0,18.0,23.0,33.0,28.0,28.0,31.0,19.0,27.0,31.0,24.0,16.0,24.0,15.0,35.0,48.0,22.0,24.0,30.0,31.0,31.0,26,0,1,0,0,0,0,0,26,15,10
36.0,51.0,33.0,31.0,41.0,30.0,38.0,18.0,23.0,33.0,28.0,28.0,31.0,19.0,27.0,31.0,24.0,16.0,24.0,15.0,35.0,48.0,22.0,24.0,30.0,31.0,31.0,26.0,31,0,0,0,0,0,1,0,31,16,10
51.0,33.0,31.0,41.0,30.0,38.0,18.0,23.0,33.0,28.0,28.0,31.0,19.0,27.0,31.0,24.0,16.0,24.0,15.0,35.0,48.0,22.0,24.0,30.0,31.0,31.0,26.0,31.0,27,0,0,0,0,0,0,1,27,17,10
33.0,31.0,41.0,30.0,38.0,18.0,23.0,33.0,28.0,28.0,31.0,19.0,27.0,31.0,24.0,16.0,24.0,15.0,35.0,48.0,22.0,24.0,30.0,31.0,31.0,26.0,31.0,27.0,31,0,0,0,0,1,0,0,31,18,10
31.0,41.0,30.0,38.0,18.0,23.0,33.0,28.0,28.0,31.0,19.0,27.0,31.0,24.0,16.0,24.0,15.0,35.0,48.0,22.0,24.0,30.0,31.0,31.0,26.0,31.0,27.0,31.0,29,1,0,0,0,0,0,0,29,19,10
41.0,30.0,38.0,18.0,23.0,33.0,28.0,28.0,31.0,19.0,27.0,31.0,24.0,16.0,24.0,15.0,35.0,48.0,22.0,24.0,30.0,31.0,31.0,26.0,31.0,27.0,31.0,29.0,29,0,0,1,0,0,0,0,29,20,10
30.0,38.0,18.0,23.0,33.0,28.0,28.0,31.0,19.0,27.0,31.0,24.0,16.0,24.0,15.0,35.0,48.0,22.0,24.0,30.0,31.0,31.0,26.0,31.0,27.0,31.0,29.0,29.0,28,0,0,0,1,0,0,0,28,21,10
38.0,18.0,23.0,33.0,28.0,28.0,31.0,19.0,27.0,31.0,24.0,16.0,24.0,15.0,35.0,48.0,22.0,24.0,30.0,31.0,31.0,26.0,31.0,27.0,31.0,29.0,29.0,28.0,23,0,1,0,0,0,0,0,23,22,10
18.0,23.0,33.0,28.0,28.0,31.0,19.0,27.0,31.0,24.0,16.0,24.0,15.0,35.0,48.0,22.0,24.0,30.0,31.0,31.0,26.0,31.0,27.0,31.0,29.0,29.0,28.0,23.0,24,0,0,0,0,0,1,0,24,23,10
23.0,33.0,28.0,28.0,31.0,19.0,27.0,31.0,24.0,16.0,24.0,15.0,35.0,48.0,22.0,24.0,30.0,31.0,31.0,26.0,31.0,27.0,31.0,29.0,29.0,28.0,23.0,24.0,24,0,0,0,0,0,0,1,24,24,10
33.0,28.0,28.0,31.0,19.0,27.0,31.0,24.0,16.0,24.0,15.0,35.0,48.0,22.0,24.0,30.0,31.0,31.0,26.0,31.0,27.0,31.0,29.0,29.0,28.0,23.0,24.0,24.0,19,0,0,0,0,1,0,0,19,25,10
28.0,28.0,31.0,19.0,27.0,31.0,24.0,16.0,24.0,15.0,35.0,48.0,22.0,24.0,30.0,31.0,31.0,26.0,31.0,27.0,31.0,29.0,29.0,28.0,23.0,24.0,24.0,19.0,41,1,0,0,0,0,0,0,41,26,10
28.0,31.0,19.0,27.0,31.0,24.0,16.0,24.0,15.0,35.0,48.0,22.0,24.0,30.0,31.0,31.0,26.0,31.0,27.0,31.0,29.0,29.0,28.0,23.0,24.0,24.0,19.0,41.0,15,0,0,1,0,0,0,0,15,27,10
31.0,19.0,27.0,31.0,24.0,16.0,24.0,15.0,35.0,48.0,22.0,24.0,30.0,31.0,31.0,26.0,31.0,27.0,31.0,29.0,29.0,28.0,23.0,24.0,24.0,19.0,41.0,15.0,19,0,0,0,1,0,0,0,19,28,10
19.0,27.0,31.0,24.0,16.0,24.0,15.0,35.0,48.0,22.0,24.0,30.0,31.0,31.0,26.0,31.0,27.0,31.0,29.0,29.0,28.0,23.0,24.0,24.0,19.0,41.0,15.0,19.0,29,0,1,0,0,0,0,0,29,29,10
27.0,31.0,24.0,16.0,24.0,15.0,35.0,48.0,22.0,24.0,30.0,31.0,31.0,26.0,31.0,27.0,31.0,29.0,29.0,28.0,23.0,24.0,24.0,19.0,41.0,15.0,19.0,29.0,19,0,0,0,0,0,1,0,19,30,10
31.0,24.0,16.0,24.0,15.0,35.0,48.0,22.0,24.0,30.0,31.0,31.0,26.0,31.0,27.0,31.0,29.0,29.0,28.0,23.0,24.0,24.0,19.0,41.0,15.0,19.0,29.0,19.0,18,0,0,0,0,0,0,1,18,31,10
24.0,16.0,24.0,15.0,35.0,48.0,22.0,24.0,30.0,31.0,31.0,26.0,31.0,27.0,31.0,29.0,29.0,28.0,23.0,24.0,24.0,19.0,41.0,15.0,19.0,29.0,19.0,18.0,20,0,0,0,0,1,0,0,20,1,11
16.0,24.0,15.0,35.0,48.0,22.0,24.0,30.0,31.0,31.0,26.0,31.0,27.0,31.0,29.0,29.0,28.0,23.0,24.0,24.0,19.0,41.0,15.0,19.0,29.0,19.0,18.0,20.0,28,0,0,0,1,0,0,0,28,4,11
24.0,15.0,35.0,48.0,22.0,24.0,30.0,31.0,31.0,26.0,31.0,27.0,31.0,29.0,29.0,28.0,23.0,24.0,24.0,19.0,41.0,15.0,19.0,29.0,19.0,18.0,20.0,28.0,10,0,0,0,0,0,0,1,10,7,11
15.0,35.0,48.0,22.0,24.0,30.0,31.0,31.0,26.0,31.0,27.0,31.0,29.0,29.0,28.0,23.0,24.0,24.0,19.0,41.0,15.0,19.0,29.0,19.0,18.0,20.0,28.0,10.0,17,0,0,1,0,0,0,0,17,10,11
35.0,48.0,22.0,24.0,30.0,31.0,31.0,26.0,31.0,27.0,31.0,29.0,29.0,28.0,23.0,24.0,24.0,19.0,41.0,15.0,19.0,29.0,19.0,18.0,20.0,28.0,10.0,17.0,23,0,0,0,0,0,1,0,23,13,11
48.0,22.0,24.0,30.0,31.0,31.0,26.0,31.0,27.0,31.0,29.0,29.0,28.0,23.0,24.0,24.0,19.0,41.0,15.0,19.0,29.0,19.0,18.0,20.0,28.0,10.0,17.0,23.0,55,1,0,0,0,0,0,0,55,16,11
22.0,24.0,30.0,31.0,31.0,26.0,31.0,27.0,31.0,29.0,29.0,28.0,23.0,24.0,24.0,19.0,41.0,15.0,19.0,29.0,19.0,18.0,20.0,28.0,10.0,17.0,23.0,55.0,52,0,1,0,0,0,0,0,52,19,11
24.0,30.0,31.0,31.0,26.0,31.0,27.0,31.0,29.0,29.0,28.0,23.0,24.0,24.0,19.0,41.0,15.0,19.0,29.0,19.0,18.0,20.0,28.0,10.0,17.0,23.0,55.0,52.0,8,0,0,0,0,1,0,0,8,22,11
30.0,31.0,31.0,26.0,31.0,27.0,31.0,29.0,29.0,28.0,23.0,24.0,24.0,19.0,41.0,15.0,19.0,29.0,19.0,18.0,20.0,28.0,10.0,17.0,23.0,55.0,52.0,8.0,19,0,0,0,1,0,0,0,19,25,11
31.0,31.0,26.0,31.0,27.0,31.0,29.0,29.0,28.0,23.0,24.0,24.0,19.0,41.0,15.0,19.0,29.0,19.0,18.0,20.0,28.0,10.0,17.0,23.0,55.0,52.0,8.0,19.0,13,0,0,0,0,0,0,1,13,28,11
31.0,26.0,31.0,27.0,31.0,29.0,29.0,28.0,23.0,24.0,24.0,19.0,41.0,15.0,19.0,29.0,19.0,18.0,20.0,28.0,10.0,17.0,23.0,55.0,52.0,8.0,19.0,13.0,64,0,0,1,0,0,0,0,64,1,12
26.0,31.0,27.0,31.0,29.0,29.0,28.0,23.0,24.0,24.0,19.0,41.0,15.0,19.0,29.0,19.0,18.0,20.0,28.0,10.0,17.0,23.0,55.0,52.0,8.0,19.0,13.0,64.0,13,0,0,0,0,0,1,0,13,4,12
31.0,27.0,31.0,29.0,29.0,28.0,23.0,24.0,24.0,19.0,41.0,15.0,19.0,29.0,19.0,18.0,20.0,28.0,10.0,17.0,23.0,55.0,52.0,8.0,19.0,13.0,64.0,13.0,19,1,0,0,0,0,0,0,19,7,12
27.0,31.0,29.0,29.0,28.0,23.0,24.0,24.0,19.0,41.0,15.0,19.0,29.0,19.0,18.0,20.0,28.0,10.0,17.0,23.0,55.0,52.0,8.0,19.0,13.0,64.0,13.0,19.0,64,0,1,0,0,0,0,0,64,10,12
31.0,29.0,29.0,28.0,23.0,24.0,24.0,19.0,41.0,15.0,19.0,29.0,19.0,18.0,20.0,28.0,10.0,17.0,23.0,55.0,52.0,8.0,19.0,13.0,64.0,13.0,19.0,64.0,79,0,0,0,0,1,0,0,79,13,12
29.0,29.0,28.0,23.0,24.0,24.0,19.0,41.0,15.0,19.0,29.0,19.0,18.0,20.0,28.0,10.0,17.0,23.0,55.0,52.0,8.0,19.0,13.0,64.0,13.0,19.0,64.0,79.0,58,0,0,0,1,0,0,0,58,16,12
29.0,28.0,23.0,24.0,24.0,19.0,41.0,15.0,19.0,29.0,19.0,18.0,20.0,28.0,10.0,17.0,23.0,55.0,52.0,8.0,19.0,13.0,64.0,13.0,19.0,64.0,79.0,58.0,62,0,0,0,0,0,0,1,62,19,12
28.0,23.0,24.0,24.0,19.0,41.0,15.0,19.0,29.0,19.0,18.0,20.0,28.0,10.0,17.0,23.0,55.0,52.0,8.0,19.0,13.0,64.0,13.0,19.0,64.0,79.0,58.0,62.0,15,0,0,1,0,0,0,0,15,22,12
23.0,24.0,24.0,19.0,41.0,15.0,19.0,29.0,19.0,18.0,20.0,28.0,10.0,17.0,23.0,55.0,52.0,8.0,19.0,13.0,64.0,13.0,19.0,64.0,79.0,58.0,62.0,15.0,38,0,0,0,0,0,1,0,38,25,12
24.0,24.0,19.0,41.0,15.0,19.0,29.0,19.0,18.0,20.0,28.0,10.0,17.0,23.0,55.0,52.0,8.0,19.0,13.0,64.0,13.0,19.0,64.0,79.0,58.0,62.0,15.0,38.0,18,1,0,0,0,0,0,0,18,28,12
24.0,19.0,41.0,15.0,19.0,29.0,19.0,18.0,20.0,28.0,10.0,17.0,23.0,55.0,52.0,8.0,19.0,13.0,64.0,13.0,19.0,64.0,79.0,58.0,62.0,15.0,38.0,18.0,49,0,1,0,0,0,0,0,49,31,12
