lag_1,lag_2,lag_3,lag_4,lag_5,lag_6,lag_7,lag_8,lag_9,lag_10,lag_11,lag_12,lag_13,lag_14,lag_15,lag_16,lag_17,lag_18,lag_19,lag_20,lag_21,lag_22,lag_23,lag_24,lag_25,lag_26,lag_27,lag_28,lag_29,day_Friday,day_Monday,day_Saturday,day_Sunday,day_Thursday,day_Tuesday,day_Wednesday,AQI,current_date,current_month
37.0,40.0,47.0,39.0,44.0,41.0,39.0,38.0,40.0,46.0,40.0,39.0,44.0,41.0,50.0,46.0,80.0,115.0,47.0,54.0,44.0,39.0,44.0,47.0,54.0,45.0,34.0,35.0,37,0,0,1,0,0,0,0,37,30,4
40.0,47.0,39.0,44.0,41.0,39.0,38.0,40.0,46.0,40.0,39.0,44.0,41.0,50.0,46.0,80.0,115.0,47.0,54.0,44.0,39.0,44.0,47.0,54.0,45.0,34.0,35.0,37.0,34,0,0,0,1,0,0,0,34,1,5
47.0,39.0,44.0,41.0,39.0,38.0,40.0,46.0,40.0,39.0,44.0,41.0,50.0,46.0,80.0,115.0,47.0,54.0,44.0,39.0,44.0,47.0,54.0,45.0,34.0,35.0,37.0,34.0,38,0,1,0,0,0,0,0,38,2,5
39.0,44.0,41.0,39.0,38.0,40.0,46.0,40.0,39.0,44.0,41.0,50.0,46.0,80.0,115.0,47.0,54.0,44.0,39.0,44.0,47.0,54.0,45.0,34.0,35.0,37.0,34.0,38.0,35,0,0,0,0,0,1,0,35,3,5
44.0,41.0,39.0,38.0,40.0,46.0,40.0,39.0,44.0,41.0,50.0,46.0,80.0,115.0,47.0,54.0,44.0,39.0,44.0,47.0,54.0,45.0,34.0,35.0,37.0,34.0,38.0,35.0,32,0,0,0,0,0,0,1,32,4,5
41.0,39.0,38.0,40.0,46.0,40.0,39.0,44.0,41.0,50.0,46.0,80.0,115.0,47.0,54.0,44.0,39.0,44.0,47.0,54.0,45.0,34.0,35.0,37.0,34.0,38.0,35.0,32.0,28,0,0,0,0,1,0,0,28,5,5
39.0,38.0,40.0,46.0,40.0,39.0,44.0,41.0,50.0,46.0,80.0,115.0,47.0,54.0,44.0,39.0,44.0,47.0,54.0,45.0,34.0,35.0,37.0,34.0,38.0,35.0,32.0,28.0,28,1,0,0,0,0,0,0,28,6,5
38.0,40.0,46.0,40.0,39.0,44.0,41.0,50.0,46.0,80.0,115.0,47.0,54.0,44.0,39.0,44.0,47.0,54.0,45.0,34.0,35.0,37.0,34.0,38.0,35.0,32.0,28.0,28.0,38,0,0,1,0,0,0,0,38,7,5
40.0,46.0,40.0,39.0,44.0,41.0,50.0,46.0,80.0,115.0,47.0,54.0,44.0,39.0,44.0,47.0,54.0,45.0,34.0,35.0,37.0,34.0,38.0,35.0,32.0,28.0,28.0,38.0,44,0,0,0,1,0,0,0,44,8,5
46.0,40.0,39.0,44.0,41.0,50.0,46.0,80.0,115.0,47.0,54.0,44.0,39.0,44.0,47.0,54.0,45.0,34.0,35.0,37.0,34.0,38.0,35.0,32.0,28.0,28.0,38.0,44.0,44,0,1,0,0,0,0,0,44,9,5
40.0,39.0,44.0,41.0,50.0,46.0,80.0,115.0,47.0,54.0,44.0,39.0,44.0,47.0,54.0,45.0,34.0,35.0,37.0,34.0,38.0,35.0,32.0,28.0,28.0,38.0,44.0,44.0,41,0,0,0,0,0,1,0,41,10,5
39.0,44.0,41.0,50.0,46.0,80.0,115.0,47.0,54.0,44.0,39.0,44.0,47.0,54.0,45.0,34.0,35.0,37.0,34.0,38.0,35.0,32.0,28.0,28.0,38.0,44.0,44.0,41.0,37,0,0,0,0,0,0,1,37,11,5
44.0,41.0,50.0,46.0,80.0,115.0,47.0,54.0,44.0,39.0,44.0,47.0,54.0,45.0,34.0,35.0,37.0,34.0,38.0,35.0,32.0,28.0,28.0,38.0,44.0,44.0,41.0,37.0,36,0,0,0,0,1,0,0,36,12,5
41.0,50.0,46.0,80.0,115.0,47.0,54.0,44.0,39.0,44.0,47.0,54.0,45.0,34.0,35.0,37.0,34.0,38.0,35.0,32.0,28.0,28.0,38.0,44.0,44.0,41.0,37.0,36.0,34,1,0,0,0,0,0,0,34,13,5
50.0,46.0,80.0,115.0,47.0,54.0,44.0,39.0,44.0,47.0,54.0,45.0,34.0,35.0,37.0,34.0,38.0,35.0,32.0,28.0,28.0,38.0,44.0,44.0,41.0,37.0,36.0,34.0,43,0,0,1,0,0,0,0,43,14,5
46.0,80.0,115.0,47.0,54.0,44.0,39.0,44.0,47.0,54.0,45.0,34.0,35.0,37.0,34.0,38.0,35.0,32.0,28.0,28.0,38.0,44.0,44.0,41.0,37.0,36.0,34.0,43.0,37,0,0,0,1,0,0,0,37,15,5
80.0,115.0,47.0,54.0,44.0,39.0,44.0,47.0,54.0,45.0,34.0,35.0,37.0,34.0,38.0,35.0,32.0,28.0,28.0,38.0,44.0,44.0,41.0,37.0,36.0,34.0,43.0,37.0,45,0,1,0,0,0,0,0,45,16,5
115.0,47.0,54.0,44.0,39.0,44.0,47.0,54.0,45.0,34.0,35.0,37.0,34.0,38.0,35.0,32.0,28.0,28.0,38.0,44.0,44.0,41.0,37.0,36.0,34.0,43.0,37.0,45.0,32,0,0,0,0,0,1,0,32,17,5
47.0,54.0,44.0,39.0,44.0,47.0,54.0,45.0,34.0,35.0,37.0,34.0,38.0,35.0,32.0,28.0,28.0,38.0,44.0,44.0,41.0,37.0,36.0,34.0,43.0,37.0,45.0,32.0,42,0,0,0,0,0,0,1,42,18,5
54.0,44.0,39.0,44.0,47.0,54.0,45.0,34.0,35.0,37.0,34.0,38.0,35.0,32.0,28.0,28.0,38.0,44.0,44.0,41.0,37.0,36.0,34.0,43.0,37.0,45.0,32.0,42.0,41,0,0,0,0,1,0,0,41,19,5
44.0,39.0,44.0,47.0,54.0,45.0,34.0,35.0,37.0,34.0,38.0,35.0,32.0,28.0,28.0,38.0,44.0,44.0,41.0,37.0,36.0,34.0,43.0,37.0,45.0,32.0,42.0,41.0,67,1,0,0,0,0,0,0,67,20,5
39.0,44.0,47.0,54.0,45.0,34.0,35.0,37.0,34.0,38.0,35.0,32.0,28.0,28.0,38.0,44.0,44.0,41.0,37.0,36.0,34.0,43.0,37.0,45.0,32.0,42.0,41.0,67.0,42,0,0,1,0,0,0,0,42,21,5
44.0,47.0,54.0,45.0,34.0,35.0,37.0,34.0,38.0,35.0,32.0,28.0,28.0,38.0,44.0,44.0,41.0,37.0,36.0,34.0,43.0,37.0,45.0,32.0,42.0,41.0,67.0,42.0,33,0,0,0,1,0,0,0,33,22,5
47.0,54.0,45.0,34.0,35.0,37.0,34.0,38.0,35.0,32.0,28.0,28.0,38.0,44.0,44.0,41.0,37.0,36.0,34.0,43.0,37.0,45.0,32.0,42.0,41.0,67.0,42.0,33.0,44,0,1,0,0,0,0,0,44,23,5
54.0,45.0,34.0,35.0,37.0,34.0,38.0,35.0,32.0,28.0,28.0,38.0,44.0,44.0,41.0,37.0,36.0,34.0,43.0,37.0,45.0,32.0,42.0,41.0,67.0,42.0,33.0,44.0,47,0,0,0,0,0,1,0,47,24,5
45.0,34.0,35.0,37.0,34.0,38.0,35.0,32.0,28.0,28.0,38.0,44.0,44.0,41.0,37.0,36.0,34.0,43.0,37.0,45.0,32.0,42.0,41.0,67.0,42.0,33.0,44.0,47.0,51,0,0,0,0,0,0,1,51,25,5
34.0,35.0,37.0,34.0,38.0,35.0,32.0,28.0,28.0,38.0,44.0,44.0,41.0,37.0,36.0,34.0,43.0,37.0,45.0,32.0,42.0,41.0,67.0,42.0,33.0,44.0,47.0,51.0,84,0,0,0,0,1,0,0,84,26,5
35.0,37.0,34.0,38.0,35.0,32.0,28.0,28.0,38.0,44.0,44.0,41.0,37.0,36.0,34.0,43.0,37.0,45.0,32.0,42.0,41.0,67.0,42.0,33.0,44.0,47.0,51.0,84.0,51,1,0,0,0,0,0,0,51,27,5
37.0,34.0,38.0,35.0,32.0,28.0,28.0,38.0,44.0,44.0,41.0,37.0,36.0,34.0,43.0,37.0,45.0,32.0,42.0,41.0,67.0,42.0,33.0,44.0,47.0,51.0,84.0,51.0,41,0,0,1,0,0,0,0,41,28,5
34.0,38.0,35.0,32.0,28.0,28.0,38.0,44.0,44.0,41.0,37.0,36.0,34.0,43.0,37.0,45.0,32.0,42.0,41.0,67.0,42.0,33.0,44.0,47.0,51.0,84.0,51.0,41.0,18,0,0,0,1,0,0,0,18,29,5
38.0,35.0,32.0,28.0,28.0,38.0,44.0,44.0,41.0,37.0,36.0,34.0,43.0,37.0,45.0,32.0,42.0,41.0,67.0,42.0,33.0,44.0,47.0,51.0,84.0,51.0,41.0,18.0,23,0,1,0,0,0,0,0,23,30,5
35.0,32.0,28.0,28.0,38.0,44.0,44.0,41.0,37.0,36.0,34.0,43.0,37.0,45.0,32.0,42.0,41.0,67.0,42.0,33.0,44.0,47.0,51.0,84.0,51.0,41.0,18.0,23.0,32,0,0,0,0,0,1,0,32,31,5
32.0,28.0,28.0,38.0,44.0,44.0,41.0,37.0,36.0,34.0,43.0,37.0,45.0,32.0,42.0,41.0,67.0,42.0,33.0,44.0,47.0,51.0,84.0,51.0,41.0,18.0,23.0,32.0,25,0,0,0,0,0,0,1,25,1,6
28.0,28.0,38.0,44.0,44.0,41.0,37.0,36.0,34.0,43.0,37.0,45.0,32.0,42.0,41.0,67.0,42.0,33.0,44.0,47.0,51.0,84.0,51.0,41.0,18.0,23.0,32.0,25.0,28,0,0,0,0,1,0,0,28,2,6
28.0,38.0,44.0,44.0,41.0,37.0,36.0,34.0,43.0,37.0,45.0,32.0,42.0,41.0,67.0,42.0,33.0,44.0,47.0,51.0,84.0,51.0,41.0,18.0,23.0,32.0,25.0,28.0,34,1,0,0,0,0,0,0,34,3,6
38.0,44.0,44.0,41.0,37.0,36.0,34.0,43.0,37.0,45.0,32.0,42.0,41.0,67.0,42.0,33.0,44.0,47.0,51.0,84.0,51.0,41.0,18.0,23.0,32.0,25.0,28.0,34.0,37,0,0,1,0,0,0,0,37,4,6
44.0,44.0,41.0,37.0,36.0,34.0,43.0,37.0,45.0,32.0,42.0,41.0,67.0,42.0,33.0,44.0,47.0,51.0,84.0,51.0,41.0,18.0,23.0,32.0,25.0,28.0,34.0,37.0,27,0,0,0,1,0,0,0,27,5,6
44.0,41.0,37.0,36.0,34.0,43.0,37.0,45.0,32.0,42.0,41.0,67.0,42.0,33.0,44.0,47.0,51.0,84.0,51.0,41.0,18.0,23.0,32.0,25.0,28.0,34.0,37.0,27.0,34,0,1,0,0,0,0,0,34,6,6
41.0,37.0,36.0,34.0,43.0,37.0,45.0,32.0,42.0,41.0,67.0,42.0,33.0,44.0,47.0,51.0,84.0,51.0,41.0,18.0,23.0,32.0,25.0,28.0,34.0,37.0,27.0,34.0,47,0,0,0,0,0,1,0,47,7,6
37.0,36.0,34.0,43.0,37.0,45.0,32.0,42.0,41.0,67.0,42.0,33.0,44.0,47.0,51.0,84.0,51.0,41.0,18.0,23.0,32.0,25.0,28.0,34.0,37.0,27.0,34.0,47.0,43,0,0,0,0,0,0,1,43,8,6
36.0,34.0,43.0,37.0,45.0,32.0,42.0,41.0,67.0,42.0,33.0,44.0,47.0,51.0,84.0,51.0,41.0,18.0,23.0,32.0,25.0,28.0,34.0,37.0,27.0,34.0,47.0,43.0,45,0,0,0,0,1,0,0,45,9,6
34.0,43.0,37.0,45.0,32.0,42.0,41.0,67.0,42.0,33.0,44.0,47.0,51.0,84.0,51.0,41.0,18.0,23.0,32.0,25.0,28.0,34.0,37.0,27.0,34.0,47.0,43.0,45.0,48,1,0,0,0,0,0,0,48,10,6
43.0,37.0,45.0,32.0,42.0,41.0,67.0,42.0,33.0,44.0,47.0,51.0,84.0,51.0,41.0,18.0,23.0,32.0,25.0,28.0,34.0,37.0,27.0,34.0,47.0,43.0,45.0,48.0,51,0,0,1,0,0,0,0,51,11,6
37.0,45.0,32.0,42.0,41.0,67.0,42.0,33.0,44.0,47.0,51.0,84.0,51.0,41.0,18.0,23.0,32.0,25.0,28.0,34.0,37.0,27.0,34.0,47.0,43.0,45.0,48.0,51.0,64,0,0,0,1,0,0,0,64,12,6
45.0,32.0,42.0,41.0,67.0,42.0,33.0,44.0,47.0,51.0,84.0,51.0,41.0,18.0,23.0,32.0,25.0,28.0,34.0,37.0,27.0,34.0,47.0,43.0,45.0,48.0,51.0,64.0,40,0,1,0,0,0,0,0,40,13,6
32.0,42.0,41.0,67.0,42.0,33.0,44.0,47.0,51.0,84.0,51.0,41.0,18.0,23.0,32.0,25.0,28.0,34.0,37.0,27.0,34.0,47.0,43.0,45.0,48.0,51.0,64.0,40.0,50,0,0,0,0,0,1,0,50,14,6
42.0,41.0,67.0,42.0,33.0,44.0,47.0,51.0,84.0,51.0,41.0,18.0,23.0,32.0,25.0,28.0,34.0,37.0,27.0,34.0,47.0,43.0,45.0,48.0,51.0,64.0,40.0,50.0,45,0,0,0,0,0,0,1,45,15,6
41.0,67.0,42.0,33.0,44.0,47.0,51.0,84.0,51.0,41.0,18.0,23.0,32.0,25.0,28.0,34.0,37.0,27.0,34.0,47.0,43.0,45.0,48.0,51.0,64.0,40.0,50.0,45.0,43,0,0,0,0,1,0,0,43,16,6
67.0,42.0,33.0,44.0,47.0,51.0,84.0,51.0,41.0,18.0,23.0,32.0,25.0,28.0,34.0,37.0,27.0,34.0,47.0,43.0,45.0,48.0,51.0,64.0,40.0,50.0,45.0,43.0,39,1,0,0,0,0,0,0,39,17,6
42.0,33.0,44.0,47.0,51.0,84.0,51.0,41.0,18.0,23.0,32.0,25.0,28.0,34.0,37.0,27.0,34.0,47.0,43.0,45.0,48.0,51.0,64.0,40.0,50.0,45.0,43.0,39.0,39,0,0,1,0,0,0,0,39,18,6
33.0,44.0,47.0,51.0,84.0,51.0,41.0,18.0,23.0,32.0,25.0,28.0,34.0,37.0,27.0,34.0,47.0,43.0,45.0,48.0,51.0,64.0,40.0,50.0,45.0,43.0,39.0,39.0,47,0,0,0,1,0,0,0,47,19,6
44.0,47.0,51.0,84.0,51.0,41.0,18.0,23.0,32.0,25.0,28.0,34.0,37.0,27.0,34.0,47.0,43.0,45.0,48.0,51.0,64.0,40.0,50.0,45.0,43.0,39.0,39.0,47.0,46,0,1,0,0,0,0,0,46,20,6
47.0,51.0,84.0,51.0,41.0,18.0,23.0,32.0,25.0,28.0,34.0,37.0,27.0,34.0,47.0,43.0,45.0,48.0,51.0,64.0,40.0,50.0,45.0,43.0,39.0,39.0,47.0,46.0,46,0,0,0,0,0,1,0,46,21,6
51.0,84.0,51.0,41.0,18.0,23.0,32.0,25.0,28.0,34.0,37.0,27.0,34.0,47.0,43.0,45.0,48.0,51.0,64.0,40.0,50.0,45.0,43.0,39.0,39.0,47.0,46.0,46.0,47,0,0,0,0,0,0,1,47,22,6
84.0,51.0,41.0,18.0,23.0,32.0,25.0,28.0,34.0,37.0,27.0,34.0,47.0,43.0,45.0,48.0,51.0,64.0,40.0,50.0,45.0,43.0,39.0,39.0,47.0,46.0,46.0,47.0,35,0,0,0,0,1,0,0,35,23,6
51.0,41.0,18.0,23.0,32.0,25.0,28.0,34.0,37.0,27.0,34.0,47.0,43.0,45.0,48.0,51.0,64.0,40.0,50.0,45.0,43.0,39.0,39.0,47.0,46.0,46.0,47.0,35.0,40,1,0,0,0,0,0,0,40,24,6
41.0,18.0,23.0,32.0,25.0,28.0,34.0,37.0,27.0,34.0,47.0,43.0,45.0,48.0,51.0,64.0,40.0,50.0,45.0,43.0,39.0,39.0,47.0,46.0,46.0,47.0,35.0,40.0,46,0,0,1,0,0,0,0,46,25,6
18.0,23.0,32.0,25.0,28.0,34.0,37.0,27.0,34.0,47.0,43.0,45.0,48.0,51.0,64.0,40.0,50.0,45.0,43.0,39.0,39.0,47.0,46.0,46.0,47.0,35.0,40.0,46.0,64,0,0,0,1,0,0,0,64,26,6
23.0,32.0,25.0,28.0,34.0,37.0,27.0,34.0,47.0,43.0,45.0,48.0,51.0,64.0,40.0,50.0,45.0,43.0,39.0,39.0,47.0,46.0,46.0,47.0,35.0,40.0,46.0,64.0,45,0,1,0,0,0,0,0,45,27,6
32.0,25.0,28.0,34.0,37.0,27.0,34.0,47.0,43.0,45.0,48.0,51.0,64.0,40.0,50.0,45.0,43.0,39.0,39.0,47.0,46.0,46.0,47.0,35.0,40.0,46.0,64.0,45.0,31,0,0,0,0,0,1,0,31,28,6
25.0,28.0,34.0,37.0,27.0,34.0,47.0,43.0,45.0,48.0,51.0,64.0,40.0,50.0,45.0,43.0,39.0,39.0,47.0,46.0,46.0,47.0,35.0,40.0,46.0,64.0,45.0,31.0,47,0,0,0,0,0,0,1,47,29,6
28.0,34.0,37.0,27.0,34.0,47.0,43.0,45.0,48.0,51.0,64.0,40.0,50.0,45.0,43.0,39.0,39.0,47.0,46.0,46.0,47.0,35.0,40.0,46.0,64.0,45.0,31.0,47.0,45,0,0,0,0,1,0,0,45,30,6
34.0,37.0,27.0,34.0,47.0,43.0,45.0,48.0,51.0,64.0,40.0,50.0,45.0,43.0,39.0,39.0,47.0,46.0,46.0,47.0,35.0,40.0,46.0,64.0,45.0,31.0,47.0,45.0,35,1,0,0,0,0,0,0,35,1,7
37.0,27.0,34.0,47.0,43.0,45.0,48.0,51.0,64.0,40.0,50.0,45.0,43.0,39.0,39.0,47.0,46.0,46.0,47.0,35.0,40.0,46.0,64.0,45.0,31.0,47.0,45.0,35.0,58,0,0,1,0,0,0,0,58,2,7
27.0,34.0,47.0,43.0,45.0,48.0,51.0,64.0,40.0,50.0,45.0,43.0,39.0,39.0,47.0,46.0,46.0,47.0,35.0,40.0,46.0,64.0,45.0,31.0,47.0,45.0,35.0,58.0,40,0,0,0,1,0,0,0,40,3,7
34.0,47.0,43.0,45.0,48.0,51.0,64.0,40.0,50.0,45.0,43.0,39.0,39.0,47.0,46.0,46.0,47.0,35.0,40.0,46.0,64.0,45.0,31.0,47.0,45.0,35.0,58.0,40.0,29,0,1,0,0,0,0,0,29,4,7
47.0,43.0,45.0,48.0,51.0,64.0,40.0,50.0,45.0,43.0,39.0,39.0,47.0,46.0,46.0,47.0,35.0,40.0,46.0,64.0,45.0,31.0,47.0,45.0,35.0,58.0,40.0,29.0,28,0,0,0,0,0,1,0,28,5,7
43.0,45.0,48.0,51.0,64.0,40.0,50.0,45.0,43.0,39.0,39.0,47.0,46.0,46.0,47.0,35.0,40.0,46.0,64.0,45.0,31.0,47.0,45.0,35.0,58.0,40.0,29.0,28.0,31,0,0,0,0,0,0,1,31,6,7
45.0,48.0,51.0,64.0,40.0,50.0,45.0,43.0,39.0,39.0,47.0,46.0,46.0,47.0,35.0,40.0,46.0,64.0,45.0,31.0,47.0,45.0,35.0,58.0,40.0,29.0,28.0,31.0,37,0,0,0,0,1,0,0,37,7,7
48.0,51.0,64.0,40.0,50.0,45.0,43.0,39.0,39.0,47.0,46.0,46.0,47.0,35.0,40.0,46.0,64.0,45.0,31.0,47.0,45.0,35.0,58.0,40.0,29.0,28.0,31.0,37.0,35,1,0,0,0,0,0,0,35,8,7
51.0,64.0,40.0,50.0,45.0,43.0,39.0,39.0,47.0,46.0,46.0,47.0,35.0,40.0,46.0,64.0,45.0,31.0,47.0,45.0,35.0,58.0,40.0,29.0,28.0,31.0,37.0,35.0,39,0,0,1,0,0,0,0,39,9,7
64.0,40.0,50.0,45.0,43.0,39.0,39.0,47.0,46.0,46.0,47.0,35.0,40.0,46.0,64.0,45.0,31.0,47.0,45.0,35.0,58.0,40.0,29.0,28.0,31.0,37.0,35.0,39.0,46,0,0,0,1,0,0,0,46,10,7
40.0,50.0,45.0,43.0,39.0,39.0,47.0,46.0,46.0,47.0,35.0,40.0,46.0,64.0,45.0,31.0,47.0,45.0,35.0,58.0,40.0,29.0,28.0,31.0,37.0,35.0,39.0,46.0,44,0,1,0,0,0,0,0,44,11,7
50.0,45.0,43.0,39.0,39.0,47.0,46.0,46.0,47.0,35.0,40.0,46.0,64.0,45.0,31.0,47.0,45.0,35.0,58.0,40.0,29.0,28.0,31.0,37.0,35.0,39.0,46.0,44.0,43,0,0,0,0,0,1,0,43,12,7
45.0,43.0,39.0,39.0,47.0,46.0,46.0,47.0,35.0,40.0,46.0,64.0,45.0,31.0,47.0,45.0,35.0,58.0,40.0,29.0,28.0,31.0,37.0,35.0,39.0,46.0,44.0,43.0,37,0,0,0,0,0,0,1,37,13,7
43.0,39.0,39.0,47.0,46.0,46.0,47.0,35.0,40.0,46.0,64.0,45.0,31.0,47.0,45.0,35.0,58.0,40.0,29.0,28.0,31.0,37.0,35.0,39.0,46.0,44.0,43.0,37.0,37,0,0,0,0,1,0,0,37,14,7
39.0,39.0,47.0,46.0,46.0,47.0,35.0,40.0,46.0,64.0,45.0,31.0,47.0,45.0,35.0,58.0,40.0,29.0,28.0,31.0,37.0,35.0,39.0,46.0,44.0,43.0,37.0,37.0,42,1,0,0,0,0,0,0,42,15,7
39.0,47.0,46.0,46.0,47.0,35.0,40.0,46.0,64.0,45.0,31.0,47.0,45.0,35.0,58.0,40.0,29.0,28.0,31.0,37.0,35.0,39.0,46.0,44.0,43.0,37.0,37.0,42.0,28,0,0,1,0,0,0,0,28,16,7
47.0,46.0,46.0,47.0,35.0,40.0,46.0,64.0,45.0,31.0,47.0,45.0,35.0,58.0,40.0,29.0,28.0,31.0,37.0,35.0,39.0,46.0,44.0,43.0,37.0,37.0,42.0,28.0,31,0,0,0,1,0,0,0,31,17,7
46.0,46.0,47.0,35.0,40.0,46.0,64.0,45.0,31.0,47.0,45.0,35.0,58.0,40.0,29.0,28.0,31.0,37.0,35.0,39.0,46.0,44.0,43.0,37.0,37.0,42.0,28.0,31.0,31,0,1,0,0,0,0,0,31,18,7
46.0,47.0,35.0,40.0,46.0,64.0,45.0,31.0,47.0,45.0,35.0,58.0,40.0,29.0,28.0,31.0,37.0,35.0,39.0,46.0,44.0,43.0,37.0,37.0,42.0,28.0,31.0,31.0,80,0,0,0,0,0,1,0,80,19,7
47.0,35.0,40.0,46.0,64.0,45.0,31.0,47.0,45.0,35.0,58.0,40.0,29.0,28.0,31.0,37.0,35.0,39.0,46.0,44.0,43.0,37.0,37.0,42.0,28.0,31.0,31.0,80.0,48,0,0,0,0,0,0,1,48,20,7
35.0,40.0,46.0,64.0,45.0,31.0,47.0,45.0,35.0,58.0,40.0,29.0,28.0,31.0,37.0,35.0,39.0,46.0,44.0,43.0,37.0,37.0,42.0,28.0,31.0,31.0,80.0,48.0,108,0,0,0,0,1,0,0,108,21,7
40.0,46.0,64.0,45.0,31.0,47.0,45.0,35.0,58.0,40.0,29.0,28.0,31.0,37.0,35.0,39.0,46.0,44.0,43.0,37.0,37.0,42.0,28.0,31.0,31.0,80.0,48.0,108.0,39,1,0,0,0,0,0,0,39,22,7
46.0,64.0,45.0,31.0,47.0,45.0,35.0,58.0,40.0,29.0,28.0,31.0,37.0,35.0,39.0,46.0,44.0,43.0,37.0,37.0,42.0,28.0,31.0,31.0,80.0,48.0,108.0,39.0,44,0,0,1,0,0,0,0,44,23,7
64.0,45.0,31.0,47.0,45.0,35.0,58.0,40.0,29.0,28.0,31.0,37.0,35.0,39.0,46.0,44.0,43.0,37.0,37.0,42.0,28.0,31.0,31.0,80.0,48.0,108.0,39.0,44.0,41,0,0,0,1,0,0,0,41,24,7
45.0,31.0,47.0,45.0,35.0,58.0,40.0,29.0,28.0,31.0,37.0,35.0,39.0,46.0,44.0,43.0,37.0,37.0,42.0,28.0,31.0,31.0,80.0,48.0,108.0,39.0,44.0,41.0,36,0,1,0,0,0,0,0,36,25,7
31.0,47.0,45.0,35.0,58.0,40.0,29.0,28.0,31.0,37.0,35.0,39.0,46.0,44.0,43.0,37.0,37.0,42.0,28.0,31.0,31.0,80.0,48.0,108.0,39.0,44.0,41.0,36.0,49,0,0,0,0,0,1,0,49,26,7
47.0,45.0,35.0,58.0,40.0,29.0,28.0,31.0,37.0,35.0,39.0,46.0,44.0,43.0,37.0,37.0,42.0,28.0,31.0,31.0,80.0,48.0,108.0,39.0,44.0,41.0,36.0,49.0,64,0,0,0,0,0,0,1,64,27,7
45.0,35.0,58.0,40.0,29.0,28.0,31.0,37.0,35.0,39.0,46.0,44.0,43.0,37.0,37.0,42.0,28.0,31.0,31.0,80.0,48.0,108.0,39.0,44.0,41.0,36.0,49.0,64.0,44,0,0,0,0,1,0,0,44,28,7
35.0,58.0,40.0,29.0,28.0,31.0,37.0,35.0,39.0,46.0,44.0,43.0,37.0,37.0,42.0,28.0,31.0,31.0,80.0,48.0,108.0,39.0,44.0,41.0,36.0,49.0,64.0,44.0,41,1,0,0,0,0,0,0,41,29,7
58.0,40.0,29.0,28.0,31.0,37.0,35.0,39.0,46.0,44.0,43.0,37.0,37.0,42.0,28.0,31.0,31.0,80.0,48.0,108.0,39.0,44.0,41.0,36.0,49.0,64.0,44.0,41.0,45,0,0,1,0,0,0,0,45,30,7
40.0,29.0,28.0,31.0,37.0,35.0,39.0,46.0,44.0,43.0,37.0,37.0,42.0,28.0,31.0,31.0,80.0,48.0,108.0,39.0,44.0,41.0,36.0,49.0,64.0,44.0,41.0,45.0,30,0,0,0,1,0,0,0,30,31,7
29.0,28.0,31.0,37.0,35.0,39.0,46.0,44.0,43.0,37.0,37.0,42.0,28.0,31.0,31.0,80.0,48.0,108.0,39.0,44.0,41.0,36.0,49.0,64.0,44.0,41.0,45.0,30.0,31,0,1,0,0,0,0,0,31,1,8
28.0,31.0,37.0,35.0,39.0,46.0,44.0,43.0,37.0,37.0,42.0,28.0,31.0,31.0,80.0,48.0,108.0,39.0,44.0,41.0,36.0,49.0,64.0,44.0,41.0,45.0,30.0,31.0,31,0,0,0,0,0,1,0,31,2,8
31.0,37.0,35.0,39.0,46.0,44.0,43.0,37.0,37.0,42.0,28.0,31.0,31.0,80.0,48.0,108.0,39.0,44.0,41.0,36.0,49.0,64.0,44.0,41.0,45.0,30.0,31.0,31.0,36,0,0,0,0,0,0,1,36,3,8
37.0,35.0,39.0,46.0,44.0,43.0,37.0,37.0,42.0,28.0,31.0,31.0,80.0,48.0,108.0,39.0,44.0,41.0,36.0,49.0,64.0,44.0,41.0,45.0,30.0,31.0,31.0,36.0,34,0,0,0,0,1,0,0,34,4,8
35.0,39.0,46.0,44.0,43.0,37.0,37.0,42.0,28.0,31.0,31.0,80.0,48.0,108.0,39.0,44.0,41.0,36.0,49.0,64.0,44.0,41.0,45.0,30.0,31.0,31.0,36.0,34.0,28,1,0,0,0,0,0,0,28,5,8
39.0,46.0,44.0,43.0,37.0,37.0,42.0,28.0,31.0,31.0,80.0,48.0,108.0,39.0,44.0,41.0,36.0,49.0,64.0,44.0,41.0,45.0,30.0,31.0,31.0,36.0,34.0,28.0,31,0,0,1,0,0,0,0,31,6,8
46.0,44.0,43.0,37.0,37.0,42.0,28.0,31.0,31.0,80.0,48.0,108.0,39.0,44.0,41.0,36.0,49.0,64.0,44.0,41.0,45.0,30.0,31.0,31.0,36.0,34.0,28.0,31.0,39,0,0,0,1,0,0,0,39,7,8
44.0,43.0,37.0,37.0,42.0,28.0,31.0,31.0,80.0,48.0,108.0,39.0,44.0,41.0,36.0,49.0,64.0,44.0,41.0,45.0,30.0,31.0,31.0,36.0,34.0,28.0,31.0,39.0,36,0,1,0,0,0,0,0,36,8,8
43.0,37.0,37.0,42.0,28.0,31.0,31.0,80.0,48.0,108.0,39.0,44.0,41.0,36.0,49.0,64.0,44.0,41.0,45.0,30.0,31.0,31.0,36.0,34.0,28.0,31.0,39.0,36.0,35,0,0,0,0,0,1,0,35,9,8
37.0,37.0,42.0,28.0,31.0,31.0,80.0,48.0,108.0,39.0,44.0,41.0,36.0,49.0,64.0,44.0,41.0,45.0,30.0,31.0,31.0,36.0,34.0,28.0,31.0,39.0,36.0,35.0,16,0,0,0,0,0,0,1,16,10,8
37.0,42.0,28.0,31.0,31.0,80.0,48.0,108.0,39.0,44.0,41.0,36.0,49.0,64.0,44.0,41.0,45.0,30.0,31.0,31.0,36.0,34.0,28.0,31.0,39.0,36.0,35.0,16.0,19,0,0,0,0,1,0,0,19,11,8
42.0,28.0,31.0,31.0,80.0,48.0,108.0,39.0,44.0,41.0,36.0,49.0,64.0,44.0,41.0,45.0,30.0,31.0,31.0,36.0,34.0,28.0,31.0,39.0,36.0,35.0,16.0,19.0,19,1,0,0,0,0,0,0,19,12,8
28.0,31.0,31.0,80.0,48.0,108.0,39.0,44.0,41.0,36.0,49.0,64.0,44.0,41.0,45.0,30.0,31.0,31.0,36.0,34.0,28.0,31.0,39.0,36.0,35.0,16.0,19.0,19.0,25,0,0,1,0,0,0,0,25,13,8
31.0,31.0,80.0,48.0,108.0,39.0,44.0,41.0,36.0,49.0,64.0,44.0,41.0,45.0,30.0,31.0,31.0,36.0,34.0,28.0,31.0,39.0,36.0,35.0,16.0,19.0,19.0,25.0,27,0,0,0,1,0,0,0,27,14,8
31.0,80.0,48.0,108.0,39.0,44.0,41.0,36.0,49.0,64.0,44.0,41.0,45.0,30.0,31.0,31.0,36.0,34.0,28.0,31.0,39.0,36.0,35.0,16.0,19.0,19.0,25.0,27.0,34,0,1,0,0,0,0,0,34,15,8
80.0,48.0,108.0,39.0,44.0,41.0,36.0,49.0,64.0,44.0,41.0,45.0,30.0,31.0,31.0,36.0,34.0,28.0,31.0,39.0,36.0,35.0,16.0,19.0,19.0,25.0,27.0,34.0,22,0,0,0,0,0,1,0,22,16,8
48.0,108.0,39.0,44.0,41.0,36.0,49.0,64.0,44.0,41.0,45.0,30.0,31.0,31.0,36.0,34.0,28.0,31.0,39.0,36.0,35.0,16.0,19.0,19.0,25.0,27.0,34.0,22.0,31,0,0,0,0,0,0,1,31,17,8
108.0,39.0,44.0,41.0,36.0,49.0,64.0,44.0,41.0,45.0,30.0,31.0,31.0,36.0,34.0,28.0,31.0,39.0,36.0,35.0,16.0,19.0,19.0,25.0,27.0,34.0,22.0,31.0,39,0,0,0,0,1,0,0,39,18,8
39.0,44.0,41.0,36.0,49.0,64.0,44.0,41.0,45.0,30.0,31.0,31.0,36.0,34.0,28.0,31.0,39.0,36.0,35.0,16.0,19.0,19.0,25.0,27.0,34.0,22.0,31.0,39.0,34,1,0,0,0,0,0,0,34,19,8
44.0,41.0,36.0,49.0,64.0,44.0,41.0,45.0,30.0,31.0,31.0,36.0,34.0,28.0,31.0,39.0,36.0,35.0,16.0,19.0,19.0,25.0,27.0,34.0,22.0,31.0,39.0,34.0,41,0,0,1,0,0,0,0,41,20,8
41.0,36.0,49.0,64.0,44.0,41.0,45.0,30.0,31.0,31.0,36.0,34.0,28.0,31.0,39.0,36.0,35.0,16.0,19.0,19.0,25.0,27.0,34.0,22.0,31.0,39.0,34.0,41.0,30,0,0,0,1,0,0,0,30,21,8
36.0,49.0,64.0,44.0,41.0,45.0,30.0,31.0,31.0,36.0,34.0,28.0,31.0,39.0,36.0,35.0,16.0,19.0,19.0,25.0,27.0,34.0,22.0,31.0,39.0,34.0,41.0,30.0,36,0,1,0,0,0,0,0,36,22,8
49.0,64.0,44.0,41.0,45.0,30.0,31.0,31.0,36.0,34.0,28.0,31.0,39.0,36.0,35.0,16.0,19.0,19.0,25.0,27.0,34.0,22.0,31.0,39.0,34.0,41.0,30.0,36.0,42,0,0,0,0,0,1,0,42,23,8
64.0,44.0,41.0,45.0,30.0,31.0,31.0,36.0,34.0,28.0,31.0,39.0,36.0,35.0,16.0,19.0,19.0,25.0,27.0,34.0,22.0,31.0,39.0,34.0,41.0,30.0,36.0,42.0,51,0,0,0,0,0,0,1,51,24,8
44.0,41.0,45.0,30.0,31.0,31.0,36.0,34.0,28.0,31.0,39.0,36.0,35.0,16.0,19.0,19.0,25.0,27.0,34.0,22.0,31.0,39.0,34.0,41.0,30.0,36.0,42.0,51.0,38,0,0,0,0,1,0,0,38,25,8
41.0,45.0,30.0,31.0,31.0,36.0,34.0,28.0,31.0,39.0,36.0,35.0,16.0,19.0,19.0,25.0,27.0,34.0,22.0,31.0,39.0,34.0,41.0,30.0,36.0,42.0,51.0,38.0,46,1,0,0,0,0,0,0,46,26,8
45.0,30.0,31.0,31.0,36.0,34.0,28.0,31.0,39.0,36.0,35.0,16.0,19.0,19.0,25.0,27.0,34.0,22.0,31.0,39.0,34.0,41.0,30.0,36.0,42.0,51.0,38.0,46.0,61,0,0,1,0,0,0,0,61,27,8
30.0,31.0,31.0,36.0,34.0,28.0,31.0,39.0,36.0,35.0,16.0,19.0,19.0,25.0,27.0,34.0,22.0,31.0,39.0,34.0,41.0,30.0,36.0,42.0,51.0,38.0,46.0,61.0,35,0,0,0,1,0,0,0,35,28,8
31.0,31.0,36.0,34.0,28.0,31.0,39.0,36.0,35.0,16.0,19.0,19.0,25.0,27.0,34.0,22.0,31.0,39.0,34.0,41.0,30.0,36.0,42.0,51.0,38.0,46.0,61.0,35.0,36,0,1,0,0,0,0,0,36,29,8
31.0,36.0,34.0,28.0,31.0,39.0,36.0,35.0,16.0,19.0,19.0,25.0,27.0,34.0,22.0,31.0,39.0,34.0,41.0,30.0,36.0,42.0,51.0,38.0,46.0,61.0,35.0,36.0,71,0,0,0,0,0,1,0,71,30,8
36.0,34.0,28.0,31.0,39.0,36.0,35.0,16.0,19.0,19.0,25.0,27.0,34.0,22.0,31.0,39.0,34.0,41.0,30.0,36.0,42.0,51.0,38.0,46.0,61.0,35.0,36.0,71.0,67,0,0,0,0,0,0,1,67,31,8
34.0,28.0,31.0,39.0,36.0,35.0,16.0,19.0,19.0,25.0,27.0,34.0,22.0,31.0,39.0,34.0,41.0,30.0,36.0,42.0,51.0,38.0,46.0,61.0,35.0,36.0,71.0,67.0,43,0,0,0,0,1,0,0,43,1,9
28.0,31.0,39.0,36.0,35.0,16.0,19.0,19.0,25.0,27.0,34.0,22.0,31.0,39.0,34.0,41.0,30.0,36.0,42.0,51.0,38.0,46.0,61.0,35.0,36.0,71.0,67.0,43.0,33,1,0,0,0,0,0,0,33,2,9
31.0,39.0,36.0,35.0,16.0,19.0,19.0,25.0,27.0,34.0,22.0,31.0,39.0,34.0,41.0,30.0,36.0,42.0,51.0,38.0,46.0,61.0,35.0,36.0,71.0,67.0,43.0,33.0,30,0,0,1,0,0,0,0,30,3,9
39.0,36.0,35.0,16.0,19.0,19.0,25.0,27.0,34.0,22.0,31.0,39.0,34.0,41.0,30.0,36.0,42.0,51.0,38.0,46.0,61.0,35.0,36.0,71.0,67.0,43.0,33.0,30.0,33,0,0,0,1,0,0,0,33,4,9
36.0,35.0,16.0,19.0,19.0,25.0,27.0,34.0,22.0,31.0,39.0,34.0,41.0,30.0,36.0,42.0,51.0,38.0,46.0,61.0,35.0,36.0,71.0,67.0,43.0,33.0,30.0,33.0,36,0,1,0,0,0,0,0,36,5,9
35.0,16.0,19.0,19.0,25.0,27.0,34.0,22.0,31.0,39.0,34.0,41.0,30.0,36.0,42.0,51.0,38.0,46.0,61.0,35.0,36.0,71.0,67.0,43.0,33.0,30.0,33.0,36.0,51,0,0,0,0,0,1,0,51,6,9
16.0,19.0,19.0,25.0,27.0,34.0,22.0,31.0,39.0,34.0,41.0,30.0,36.0,42.0,51.0,38.0,46.0,61.0,35.0,36.0,71.0,67.0,43.0,33.0,30.0,33.0,36.0,51.0,35,0,0,0,0,0,0,1,35,7,9
19.0,19.0,25.0,27.0,34.0,22.0,31.0,39.0,34.0,41.0,30.0,36.0,42.0,51.0,38.0,46.0,61.0,35.0,36.0,71.0,67.0,43.0,33.0,30.0,33.0,36.0,51.0,35.0,34,0,0,0,0,1,0,0,34,8,9
19.0,25.0,27.0,34.0,22.0,31.0,39.0,34.0,41.0,30.0,36.0,42.0,51.0,38.0,46.0,61.0,35.0,36.0,71.0,67.0,43.0,33.0,30.0,33.0,36.0,51.0,35.0,34.0,40,1,0,0,0,0,0,0,40,9,9
25.0,27.0,34.0,22.0,31.0,39.0,34.0,41.0,30.0,36.0,42.0,51.0,38.0,46.0,61.0,35.0,36.0,71.0,67.0,43.0,33.0,30.0,33.0,36.0,51.0,35.0,34.0,40.0,33,0,0,1,0,0,0,0,33,10,9
27.0,34.0,22.0,31.0,39.0,34.0,41.0,30.0,36.0,42.0,51.0,38.0,46.0,61.0,35.0,36.0,71.0,67.0,43.0,33.0,30.0,33.0,36.0,51.0,35.0,34.0,40.0,33.0,41,0,0,0,1,0,0,0,41,11,9
34.0,22.0,31.0,39.0,34.0,41.0,30.0,36.0,42.0,51.0,38.0,46.0,61.0,35.0,36.0,71.0,67.0,43.0,33.0,30.0,33.0,36.0,51.0,35.0,34.0,40.0,33.0,41.0,45,0,1,0,0,0,0,0,45,12,9
22.0,31.0,39.0,34.0,41.0,30.0,36.0,42.0,51.0,38.0,46.0,61.0,35.0,36.0,71.0,67.0,43.0,33.0,30.0,33.0,36.0,51.0,35.0,34.0,40.0,33.0,41.0,45.0,44,0,0,0,0,0,1,0,44,13,9
31.0,39.0,34.0,41.0,30.0,36.0,42.0,51.0,38.0,46.0,61.0,35.0,36.0,71.0,67.0,43.0,33.0,30.0,33.0,36.0,51.0,35.0,34.0,40.0,33.0,41.0,45.0,44.0,39,0,0,0,0,0,0,1,39,14,9
39.0,34.0,41.0,30.0,36.0,42.0,51.0,38.0,46.0,61.0,35.0,36.0,71.0,67.0,43.0,33.0,30.0,33.0,36.0,51.0,35.0,34.0,40.0,33.0,41.0,45.0,44.0,39.0,37,0,0,0,0,1,0,0,37,15,9
34.0,41.0,30.0,36.0,42.0,51.0,38.0,46.0,61.0,35.0,36.0,71.0,67.0,43.0,33.0,30.0,33.0,36.0,51.0,35.0,34.0,40.0,33.0,41.0,45.0,44.0,39.0,37.0,31,1,0,0,0,0,0,0,31,16,9
41.0,30.0,36.0,42.0,51.0,38.0,46.0,61.0,35.0,36.0,71.0,67.0,43.0,33.0,30.0,33.0,36.0,51.0,35.0,34.0,40.0,33.0,41.0,45.0,44.0,39.0,37.0,31.0,31,0,0,1,0,0,0,0,31,17,9
30.0,36.0,42.0,51.0,38.0,46.0,61.0,35.0,36.0,71.0,67.0,43.0,33.0,30.0,33.0,36.0,51.0,35.0,34.0,40.0,33.0,41.0,45.0,44.0,39.0,37.0,31.0,31.0,24,0,0,0,1,0,0,0,24,18,9
36.0,42.0,51.0,38.0,46.0,61.0,35.0,36.0,71.0,67.0,43.0,33.0,30.0,33.0,36.0,51.0,35.0,34.0,40.0,33.0,41.0,45.0,44.0,39.0,37.0,31.0,31.0,24.0,26,0,1,0,0,0,0,0,26,19,9
42.0,51.0,38.0,46.0,61.0,35.0,36.0,71.0,67.0,43.0,33.0,30.0,33.0,36.0,51.0,35.0,34.0,40.0,33.0,41.0,45.0,44.0,39.0,37.0,31.0,31.0,24.0,26.0,23,0,0,0,0,0,1,0,23,20,9
51.0,38.0,46.0,61.0,35.0,36.0,71.0,67.0,43.0,33.0,30.0,33.0,36.0,51.0,35.0,34.0,40.0,33.0,41.0,45.0,44.0,39.0,37.0,31.0,31.0,24.0,26.0,23.0,23,0,0,0,0,0,0,1,23,21,9
38.0,46.0,61.0,35.0,36.0,71.0,67.0,43.0,33.0,30.0,33.0,36.0,51.0,35.0,34.0,40.0,33.0,41.0,45.0,44.0,39.0,37.0,31.0,31.0,24.0,26.0,23.0,23.0,29,0,0,0,0,1,0,0,29,22,9
46.0,61.0,35.0,36.0,71.0,67.0,43.0,33.0,30.0,33.0,36.0,51.0,35.0,34.0,40.0,33.0,41.0,45.0,44.0,39.0,37.0,31.0,31.0,24.0,26.0,23.0,23.0,29.0,25,1,0,0,0,0,0,0,25,23,9
61.0,35.0,36.0,71.0,67.0,43.0,33.0,30.0,33.0,36.0,51.0,35.0,34.0,40.0,33.0,41.0,45.0,44.0,39.0,37.0,31.0,31.0,24.0,26.0,23.0,23.0,29.0,25.0,47,0,0,1,0,0,0,0,47,24,9
35.0,36.0,71.0,67.0,43.0,33.0,30.0,33.0,36.0,51.0,35.0,34.0,40.0,33.0,41.0,45.0,44.0,39.0,37.0,31.0,31.0,24.0,26.0,23.0,23.0,29.0,25.0,47.0,35,0,0,0,1,0,0,0,35,25,9
36.0,71.0,67.0,43.0,33.0,30.0,33.0,36.0,51.0,35.0,34.0,40.0,33.0,41.0,45.0,44.0,39.0,37.0,31.0,31.0,24.0,26.0,23.0,23.0,29.0,25.0,47.0,35.0,32,0,1,0,0,0,0,0,32,26,9
71.0,67.0,43.0,33.0,30.0,33.0,36.0,51.0,35.0,34.0,40.0,33.0,41.0,45.0,44.0,39.0,37.0,31.0,31.0,24.0,26.0,23.0,23.0,29.0,25.0,47.0,35.0,32.0,28,0,0,0,0,0,1,0,28,27,9
67.0,43.0,33.0,30.0,33.0,36.0,51.0,35.0,34.0,40.0,33.0,41.0,45.0,44.0,39.0,37.0,31.0,31.0,24.0,26.0,23.0,23.0,29.0,25.0,47.0,35.0,32.0,28.0,27,0,0,0,0,0,0,1,27,28,9
43.0,33.0,30.0,33.0,36.0,51.0,35.0,34.0,40.0,33.0,41.0,45.0,44.0,39.0,37.0,31.0,31.0,24.0,26.0,23.0,23.0,29.0,25.0,47.0,35.0,32.0,28.0,27.0,28,0,0,0,0,1,0,0,28,29,9
33.0,30.0,33.0,36.0,51.0,35.0,34.0,40.0,33.0,41.0,45.0,44.0,39.0,37.0,31.0,31.0,24.0,26.0,23.0,23.0,29.0,25.0,47.0,35.0,32.0,28.0,27.0,28.0,27,1,0,0,0,0,0,0,27,30,9
30.0,33.0,36.0,51.0,35.0,34.0,40.0,33.0,41.0,45.0,44.0,39.0,37.0,31.0,31.0,24.0,26.0,23.0,23.0,29.0,25.0,47.0,35.0,32.0,28.0,27.0,28.0,27.0,30,0,0,1,0,0,0,0,30,1,10
33.0,36.0,51.0,35.0,34.0,40.0,33.0,41.0,45.0,44.0,39.0,37.0,31.0,31.0,24.0,26.0,23.0,23.0,29.0,25.0,47.0,35.0,32.0,28.0,27.0,28.0,27.0,30.0,31,0,0,0,1,0,0,0,31,2,10
36.0,51.0,35.0,34.0,40.0,33.0,41.0,45.0,44.0,39.0,37.0,31.0,31.0,24.0,26.0,23.0,23.0,29.0,25.0,47.0,35.0,32.0,28.0,27.0,28.0,27.0,30.0,31.0,34,0,1,0,0,0,0,0,34,3,10
51.0,35.0,34.0,40.0,33.0,41.0,45.0,44.0,39.0,37.0,31.0,31.0,24.0,26.0,23.0,23.0,29.0,25.0,47.0,35.0,32.0,28.0,27.0,28.0,27.0,30.0,31.0,34.0,41,0,0,0,0,0,1,0,41,4,10
35.0,34.0,40.0,33.0,41.0,45.0,44.0,39.0,37.0,31.0,31.0,24.0,26.0,23.0,23.0,29.0,25.0,47.0,35.0,32.0,28.0,27.0,28.0,27.0,30.0,31.0,34.0,41.0,31,0,0,0,0,0,0,1,31,5,10
34.0,40.0,33.0,41.0,45.0,44.0,39.0,37.0,31.0,31.0,24.0,26.0,23.0,23.0,29.0,25.0,47.0,35.0,32.0,28.0,27.0,28.0,27.0,30.0,31.0,34.0,41.0,31.0,28,0,0,0,0,1,0,0,28,6,10
40.0,33.0,41.0,45.0,44.0,39.0,37.0,31.0,31.0,24.0,26.0,23.0,23.0,29.0,25.0,47.0,35.0,32.0,28.0,27.0,28.0,27.0,30.0,31.0,34.0,41.0,31.0,28.0,31,1,0,0,0,0,0,0,31,7,10
33.0,41.0,45.0,44.0,39.0,37.0,31.0,31.0,24.0,26.0,23.0,23.0,29.0,25.0,47.0,35.0,32.0,28.0,27.0,28.0,27.0,30.0,31.0,34.0,41.0,31.0,28.0,31.0,40,0,0,1,0,0,0,0,40,8,10
41.0,45.0,44.0,39.0,37.0,31.0,31.0,24.0,26.0,23.0,23.0,29.0,25.0,47.0,35.0,32.0,28.0,27.0,28.0,27.0,30.0,31.0,34.0,41.0,31.0,28.0,31.0,40.0,35,0,0,0,1,0,0,0,35,9,10
45.0,44.0,39.0,37.0,31.0,31.0,24.0,26.0,23.0,23.0,29.0,25.0,47.0,35.0,32.0,28.0,27.0,28.0,27.0,30.0,31.0,34.0,41.0,31.0,28.0,31.0,40.0,35.0,32,0,1,0,0,0,0,0,32,10,10
44.0,39.0,37.0,31.0,31.0,24.0,26.0,23.0,23.0,29.0,25.0,47.0,35.0,32.0,28.0,27.0,28.0,27.0,30.0,31.0,34.0,41.0,31.0,28.0,31.0,40.0,35.0,32.0,38,0,0,0,0,0,1,0,38,11,10
39.0,37.0,31.0,31.0,24.0,26.0,23.0,23.0,29.0,25.0,47.0,35.0,32.0,28.0,27.0,28.0,27.0,30.0,31.0,34.0,41.0,31.0,28.0,31.0,40.0,35.0,32.0,38.0,30,0,0,0,0,0,0,1,30,12,10
37.0,31.0,31.0,24.0,26.0,23.0,23.0,29.0,25.0,47.0,35.0,32.0,28.0,27.0,28.0,27.0,30.0,31.0,34.0,41.0,31.0,28.0,31.0,40.0,35.0,32.0,38.0,30.0,44,0,0,0,0,1,0,0,44,13,10
31.0,31.0,24.0,26.0,23.0,23.0,29.0,25.0,47.0,35.0,32.0,28.0,27.0,28.0,27.0,30.0,31.0,34.0,41.0,31.0,28.0,31.0,40.0,35.0,32.0,38.0,30.0,44.0,31,1,0,0,0,0,0,0,31,14,10
31.0,24.0,26.0,23.0,23.0,29.0,25.0,47.0,35.0,32.0,28.0,27.0,28.0,27.0,30.0,31.0,34.0,41.0,31.0,28.0,31.0,40.0,35.0,32.0,38.0,30.0,44.0,31.0,36,0,0,1,0,0,0,0,36,15,10
24.0,26.0,23.0,23.0,29.0,25.0,47.0,35.0,32.0,28.0,27.0,28.0,27.0,30.0,31.0,34.0,41.0,31.0,28.0,31.0,40.0,35.0,32.0,38.0,30.0,44.0,31.0,36.0,34,0,0,0,1,0,0,0,34,16,10
26.0,23.0,23.0,29.0,25.0,47.0,35.0,32.0,28.0,27.0,28.0,27.0,30.0,31.0,34.0,41.0,31.0,28.0,31.0,40.0,35.0,32.0,38.0,30.0,44.0,31.0,36.0,34.0,35,0,1,0,0,0,0,0,35,17,10
23.0,23.0,29.0,25.0,47.0,35.0,32.0,28.0,27.0,28.0,27.0,30.0,31.0,34.0,41.0,31.0,28.0,31.0,40.0,35.0,32.0,38.0,30.0,44.0,31.0,36.0,34.0,35.0,35,0,0,0,0,0,1,0,35,18,10
23.0,29.0,25.0,47.0,35.0,32.0,28.0,27.0,28.0,27.0,30.0,31.0,34.0,41.0,31.0,28.0,31.0,40.0,35.0,32.0,38.0,30.0,44.0,31.0,36.0,34.0,35.0,35.0,33,0,0,0,0,0,0,1,33,19,10
29.0,25.0,47.0,35.0,32.0,28.0,27.0,28.0,27.0,30.0,31.0,34.0,41.0,31.0,28.0,31.0,40.0,35.0,32.0,38.0,30.0,44.0,31.0,36.0,34.0,35.0,35.0,33.0,34,0,0,0,0,1,0,0,34,20,10
25.0,47.0,35.0,32.0,28.0,27.0,28.0,27.0,30.0,31.0,34.0,41.0,31.0,28.0,31.0,40.0,35.0,32.0,38.0,30.0,44.0,31.0,36.0,34.0,35.0,35.0,33.0,34.0,33,1,0,0,0,0,0,0,33,21,10
47.0,35.0,32.0,28.0,27.0,28.0,27.0,30.0,31.0,34.0,41.0,31.0,28.0,31.0,40.0,35.0,32.0,38.0,30.0,44.0,31.0,36.0,34.0,35.0,35.0,33.0,34.0,33.0,27,0,0,1,0,0,0,0,27,22,10
35.0,32.0,28.0,27.0,28.0,27.0,30.0,31.0,34.0,41.0,31.0,28.0,31.0,40.0,35.0,32.0,38.0,30.0,44.0,31.0,36.0,34.0,35.0,35.0,33.0,34.0,33.0,27.0,32,0,0,0,1,0,0,0,32,23,10
32.0,28.0,27.0,28.0,27.0,30.0,31.0,34.0,41.0,31.0,28.0,31.0,40.0,35.0,32.0,38.0,30.0,44.0,31.0,36.0,34.0,35.0,35.0,33.0,34.0,33.0,27.0,32.0,42,0,1,0,0,0,0,0,42,24,10
28.0,27.0,28.0,27.0,30.0,31.0,34.0,41.0,31.0,28.0,31.0,40.0,35.0,32.0,38.0,30.0,44.0,31.0,36.0,34.0,35.0,35.0,33.0,34.0,33.0,27.0,32.0,42.0,33,0,0,0,0,0,1,0,33,25,10
27.0,28.0,27.0,30.0,31.0,34.0,41.0,31.0,28.0,31.0,40.0,35.0,32.0,38.0,30.0,44.0,31.0,36.0,34.0,35.0,35.0,33.0,34.0,33.0,27.0,32.0,42.0,33.0,32,0,0,0,0,0,0,1,32,26,10
28.0,27.0,30.0,31.0,34.0,41.0,31.0,28.0,31.0,40.0,35.0,32.0,38.0,30.0,44.0,31.0,36.0,34.0,35.0,35.0,33.0,34.0,33.0,27.0,32.0,42.0,33.0,32.0,37,0,0,0,0,1,0,0,37,27,10
27.0,30.0,31.0,34.0,41.0,31.0,28.0,31.0,40.0,35.0,32.0,38.0,30.0,44.0,31.0,36.0,34.0,35.0,35.0,33.0,34.0,33.0,27.0,32.0,42.0,33.0,32.0,37.0,35,1,0,0,0,0,0,0,35,28,10
30.0,31.0,34.0,41.0,31.0,28.0,31.0,40.0,35.0,32.0,38.0,30.0,44.0,31.0,36.0,34.0,35.0,35.0,33.0,34.0,33.0,27.0,32.0,42.0,33.0,32.0,37.0,35.0,36,0,0,1,0,0,0,0,36,29,10
31.0,34.0,41.0,31.0,28.0,31.0,40.0,35.0,32.0,38.0,30.0,44.0,31.0,36.0,34.0,35.0,35.0,33.0,34.0,33.0,27.0,32.0,42.0,33.0,32.0,37.0,35.0,36.0,39,0,0,0,1,0,0,0,39,30,10
34.0,41.0,31.0,28.0,31.0,40.0,35.0,32.0,38.0,30.0,44.0,31.0,36.0,34.0,35.0,35.0,33.0,34.0,33.0,27.0,32.0,42.0,33.0,32.0,37.0,35.0,36.0,39.0,25,0,1,0,0,0,0,0,25,31,10
41.0,31.0,28.0,31.0,40.0,35.0,32.0,38.0,30.0,44.0,31.0,36.0,34.0,35.0,35.0,33.0,34.0,33.0,27.0,32.0,42.0,33.0,32.0,37.0,35.0,36.0,39.0,25.0,32,0,0,0,0,0,0,1,32,1,3
31.0,28.0,31.0,40.0,35.0,32.0,38.0,30.0,44.0,31.0,36.0,34.0,35.0,35.0,33.0,34.0,33.0,27.0,32.0,42.0,33.0,32.0,37.0,35.0,36.0,39.0,25.0,32.0,43,0,0,0,0,1,0,0,43,2,3
28.0,31.0,40.0,35.0,32.0,38.0,30.0,44.0,31.0,36.0,34.0,35.0,35.0,33.0,34.0,33.0,27.0,32.0,42.0,33.0,32.0,37.0,35.0,36.0,39.0,25.0,32.0,43.0,39,1,0,0,0,0,0,0,39,3,3
31.0,40.0,35.0,32.0,38.0,30.0,44.0,31.0,36.0,34.0,35.0,35.0,33.0,34.0,33.0,27.0,32.0,42.0,33.0,32.0,37.0,35.0,36.0,39.0,25.0,32.0,43.0,39.0,41,0,0,1,0,0,0,0,41,4,3
40.0,35.0,32.0,38.0,30.0,44.0,31.0,36.0,34.0,35.0,35.0,33.0,34.0,33.0,27.0,32.0,42.0,33.0,32.0,37.0,35.0,36.0,39.0,25.0,32.0,43.0,39.0,41.0,40,0,0,0,1,0,0,0,40,5,3
35.0,32.0,38.0,30.0,44.0,31.0,36.0,34.0,35.0,35.0,33.0,34.0,33.0,27.0,32.0,42.0,33.0,32.0,37.0,35.0,36.0,39.0,25.0,32.0,43.0,39.0,41.0,40.0,44,0,1,0,0,0,0,0,44,6,3
32.0,38.0,30.0,44.0,31.0,36.0,34.0,35.0,35.0,33.0,34.0,33.0,27.0,32.0,42.0,33.0,32.0,37.0,35.0,36.0,39.0,25.0,32.0,43.0,39.0,41.0,40.0,44.0,47,0,0,0,0,0,1,0,47,7,3
38.0,30.0,44.0,31.0,36.0,34.0,35.0,35.0,33.0,34.0,33.0,27.0,32.0,42.0,33.0,32.0,37.0,35.0,36.0,39.0,25.0,32.0,43.0,39.0,41.0,40.0,44.0,47.0,41,0,0,0,0,0,0,1,41,8,3
30.0,44.0,31.0,36.0,34.0,35.0,35.0,33.0,34.0,33.0,27.0,32.0,42.0,33.0,32.0,37.0,35.0,36.0,39.0,25.0,32.0,43.0,39.0,41.0,40.0,44.0,47.0,41.0,48,0,0,0,0,1,0,0,48,9,3
44.0,31.0,36.0,34.0,35.0,35.0,33.0,34.0,33.0,27.0,32.0,42.0,33.0,32.0,37.0,35.0,36.0,39.0,25.0,32.0,43.0,39.0,41.0,40.0,44.0,47.0,41.0,48.0,44,1,0,0,0,0,0,0,44,10,3
31.0,36.0,34.0,35.0,35.0,33.0,34.0,33.0,27.0,32.0,42.0,33.0,32.0,37.0,35.0,36.0,39.0,25.0,32.0,43.0,39.0,41.0,40.0,44.0,47.0,41.0,48.0,44.0,40,0,0,1,0,0,0,0,40,11,3
36.0,34.0,35.0,35.0,33.0,34.0,33.0,27.0,32.0,42.0,33.0,32.0,37.0,35.0,36.0,39.0,25.0,32.0,43.0,39.0,41.0,40.0,44.0,47.0,41.0,48.0,44.0,40.0,39,0,0,0,1,0,0,0,39,12,3
34.0,35.0,35.0,33.0,34.0,33.0,27.0,32.0,42.0,33.0,32.0,37.0,35.0,36.0,39.0,25.0,32.0,43.0,39.0,41.0,40.0,44.0,47.0,41.0,48.0,44.0,40.0,39.0,41,0,1,0,0,0,0,0,41,13,3
35.0,35.0,33.0,34.0,33.0,27.0,32.0,42.0,33.0,32.0,37.0,35.0,36.0,39.0,25.0,32.0,43.0,39.0,41.0,40.0,44.0,47.0,41.0,48.0,44.0,40.0,39.0,41.0,38,0,0,0,0,0,1,0,38,14,3
35.0,33.0,34.0,33.0,27.0,32.0,42.0,33.0,32.0,37.0,35.0,36.0,39.0,25.0,32.0,43.0,39.0,41.0,40.0,44.0,47.0,41.0,48.0,44.0,40.0,39.0,41.0,38.0,41,0,0,0,0,0,0,1,41,15,3
33.0,34.0,33.0,27.0,32.0,42.0,33.0,32.0,37.0,35.0,36.0,39.0,25.0,32.0,43.0,39.0,41.0,40.0,44.0,47.0,41.0,48.0,44.0,40.0,39.0,41.0,38.0,41.0,44,0,0,0,0,1,0,0,44,16,3
34.0,33.0,27.0,32.0,42.0,33.0,32.0,37.0,35.0,36.0,39.0,25.0,32.0,43.0,39.0,41.0,40.0,44.0,47.0,41.0,48.0,44.0,40.0,39.0,41.0,38.0,41.0,44.0,46,1,0,0,0,0,0,0,46,17,3
33.0,27.0,32.0,42.0,33.0,32.0,37.0,35.0,36.0,39.0,25.0,32.0,43.0,39.0,41.0,40.0,44.0,47.0,41.0,48.0,44.0,40.0,39.0,41.0,38.0,41.0,44.0,46.0,40,0,0,1,0,0,0,0,40,18,3
27.0,32.0,42.0,33.0,32.0,37.0,35.0,36.0,39.0,25.0,32.0,43.0,39.0,41.0,40.0,44.0,47.0,41.0,48.0,44.0,40.0,39.0,41.0,38.0,41.0,44.0,46.0,40.0,45,0,0,0,1,0,0,0,45,19,3
32.0,42.0,33.0,32.0,37.0,35.0,36.0,39.0,25.0,32.0,43.0,39.0,41.0,40.0,44.0,47.0,41.0,48.0,44.0,40.0,39.0,41.0,38.0,41.0,44.0,46.0,40.0,45.0,41,0,1,0,0,0,0,0,41,20,3
42.0,33.0,32.0,37.0,35.0,36.0,39.0,25.0,32.0,43.0,39.0,41.0,40.0,44.0,47.0,41.0,48.0,44.0,40.0,39.0,41.0,38.0,41.0,44.0,46.0,40.0,45.0,41.0,43,0,0,0,0,0,1,0,43,21,3
33.0,32.0,37.0,35.0,36.0,39.0,25.0,32.0,43.0,39.0,41.0,40.0,44.0,47.0,41.0,48.0,44.0,40.0,39.0,41.0,38.0,41.0,44.0,46.0,40.0,45.0,41.0,43.0,44,0,0,0,0,0,0,1,44,22,3
32.0,37.0,35.0,36.0,39.0,25.0,32.0,43.0,39.0,41.0,40.0,44.0,47.0,41.0,48.0,44.0,40.0,39.0,41.0,38.0,41.0,44.0,46.0,40.0,45.0,41.0,43.0,44.0,41,0,0,0,0,1,0,0,41,23,3
37.0,35.0,36.0,39.0,25.0,32.0,43.0,39.0,41.0,40.0,44.0,47.0,41.0,48.0,44.0,40.0,39.0,41.0,38.0,41.0,44.0,46.0,40.0,45.0,41.0,43.0,44.0,41.0,47,1,0,0,0,0,0,0,47,24,3
35.0,36.0,39.0,25.0,32.0,43.0,39.0,41.0,40.0,44.0,47.0,41.0,48.0,44.0,40.0,39.0,41.0,38.0,41.0,44.0,46.0,40.0,45.0,41.0,43.0,44.0,41.0,47.0,44,0,0,1,0,0,0,0,44,25,3
36.0,39.0,25.0,32.0,43.0,39.0,41.0,40.0,44.0,47.0,41.0,48.0,44.0,40.0,39.0,41.0,38.0,41.0,44.0,46.0,40.0,45.0,41.0,43.0,44.0,41.0,47.0,44.0,39,0,0,0,1,0,0,0,39,26,3
39.0,25.0,32.0,43.0,39.0,41.0,40.0,44.0,47.0,41.0,48.0,44.0,40.0,39.0,41.0,38.0,41.0,44.0,46.0,40.0,45.0,41.0,43.0,44.0,41.0,47.0,44.0,39.0,41,0,1,0,0,0,0,0,41,27,3
25.0,32.0,43.0,39.0,41.0,40.0,44.0,47.0,41.0,48.0,44.0,40.0,39.0,41.0,38.0,41.0,44.0,46.0,40.0,45.0,41.0,43.0,44.0,41.0,47.0,44.0,39.0,41.0,37,0,0,0,0,0,1,0,37,28,3
32.0,43.0,39.0,41.0,40.0,44.0,47.0,41.0,48.0,44.0,40.0,39.0,41.0,38.0,41.0,44.0,46.0,40.0,45.0,41.0,43.0,44.0,41.0,47.0,44.0,39.0,41.0,37.0,32,0,0,0,0,0,0,1,32,29,3
43.0,39.0,41.0,40.0,44.0,47.0,41.0,48.0,44.0,40.0,39.0,41.0,38.0,41.0,44.0,46.0,40.0,45.0,41.0,43.0,44.0,41.0,47.0,44.0,39.0,41.0,37.0,32.0,42,0,0,0,0,1,0,0,42,30,3
39.0,41.0,40.0,44.0,47.0,41.0,48.0,44.0,40.0,39.0,41.0,38.0,41.0,44.0,46.0,40.0,45.0,41.0,43.0,44.0,41.0,47.0,44.0,39.0,41.0,37.0,32.0,42.0,39,1,0,0,0,0,0,0,39,31,3
41.0,40.0,44.0,47.0,41.0,48.0,44.0,40.0,39.0,41.0,38.0,41.0,44.0,46.0,40.0,45.0,41.0,43.0,44.0,41.0,47.0,44.0,39.0,41.0,37.0,32.0,42.0,39.0,32,0,0,1,0,0,0,0,32,1,4
40.0,44.0,47.0,41.0,48.0,44.0,40.0,39.0,41.0,38.0,41.0,44.0,46.0,40.0,45.0,41.0,43.0,44.0,41.0,47.0,44.0,39.0,41.0,37.0,32.0,42.0,39.0,32.0,41,0,0,0,1,0,0,0,41,2,4
44.0,47.0,41.0,48.0,44.0,40.0,39.0,41.0,38.0,41.0,44.0,46.0,40.0,45.0,41.0,43.0,44.0,41.0,47.0,44.0,39.0,41.0,37.0,32.0,42.0,39.0,32.0,41.0,42,0,1,0,0,0,0,0,42,3,4
47.0,41.0,48.0,44.0,40.0,39.0,41.0,38.0,41.0,44.0,46.0,40.0,45.0,41.0,43.0,44.0,41.0,47.0,44.0,39.0,41.0,37.0,32.0,42.0,39.0,32.0,41.0,42.0,43,0,0,0,0,0,1,0,43,4,4
41.0,48.0,44.0,40.0,39.0,41.0,38.0,41.0,44.0,46.0,40.0,45.0,41.0,43.0,44.0,41.0,47.0,44.0,39.0,41.0,37.0,32.0,42.0,39.0,32.0,41.0,42.0,43.0,48,0,0,0,0,0,0,1,48,5,4
48.0,44.0,40.0,39.0,41.0,38.0,41.0,44.0,46.0,40.0,45.0,41.0,43.0,44.0,41.0,47.0,44.0,39.0,41.0,37.0,32.0,42.0,39.0,32.0,41.0,42.0,43.0,48.0,39,0,0,0,0,1,0,0,39,6,4
44.0,40.0,39.0,41.0,38.0,41.0,44.0,46.0,40.0,45.0,41.0,43.0,44.0,41.0,47.0,44.0,39.0,41.0,37.0,32.0,42.0,39.0,32.0,41.0,42.0,43.0,48.0,39.0,35,1,0,0,0,0,0,0,35,7,4
40.0,39.0,41.0,38.0,41.0,44.0,46.0,40.0,45.0,41.0,43.0,44.0,41.0,47.0,44.0,39.0,41.0,37.0,32.0,42.0,39.0,32.0,41.0,42.0,43.0,48.0,39.0,35.0,48,0,0,1,0,0,0,0,48,8,4
39.0,41.0,38.0,41.0,44.0,46.0,40.0,45.0,41.0,43.0,44.0,41.0,47.0,44.0,39.0,41.0,37.0,32.0,42.0,39.0,32.0,41.0,42.0,43.0,48.0,39.0,35.0,48.0,54,0,0,0,1,0,0,0,54,9,4
41.0,38.0,41.0,44.0,46.0,40.0,45.0,41.0,43.0,44.0,41.0,47.0,44.0,39.0,41.0,37.0,32.0,42.0,39.0,32.0,41.0,42.0,43.0,48.0,39.0,35.0,48.0,54.0,58,0,1,0,0,0,0,0,58,10,4
38.0,41.0,44.0,46.0,40.0,45.0,41.0,43.0,44.0,41.0,47.0,44.0,39.0,41.0,37.0,32.0,42.0,39.0,32.0,41.0,42.0,43.0,48.0,39.0,35.0,48.0,54.0,58.0,49,0,0,0,0,0,1,0,49,11,4
41.0,44.0,46.0,40.0,45.0,41.0,43.0,44.0,41.0,47.0,44.0,39.0,41.0,37.0,32.0,42.0,39.0,32.0,41.0,42.0,43.0,48.0,39.0,35.0,48.0,54.0,58.0,49.0,49,0,0,0,0,0,0,1,49,12,4
44.0,46.0,40.0,45.0,41.0,43.0,44.0,41.0,47.0,44.0,39.0,41.0,37.0,32.0,42.0,39.0,32.0,41.0,42.0,43.0,48.0,39.0,35.0,48.0,54.0,58.0,49.0,49.0,41,0,0,0,0,1,0,0,41,13,4
46.0,40.0,45.0,41.0,43.0,44.0,41.0,47.0,44.0,39.0,41.0,37.0,32.0,42.0,39.0,32.0,41.0,42.0,43.0,48.0,39.0,35.0,48.0,54.0,58.0,49.0,49.0,41.0,49,1,0,0,0,0,0,0,49,14,4
40.0,45.0,41.0,43.0,44.0,41.0,47.0,44.0,39.0,41.0,37.0,32.0,42.0,39.0,32.0,41.0,42.0,43.0,48.0,39.0,35.0,48.0,54.0,58.0,49.0,49.0,41.0,49.0,44,0,0,1,0,0,0,0,44,15,4
45.0,41.0,43.0,44.0,41.0,47.0,44.0,39.0,41.0,37.0,32.0,42.0,39.0,32.0,41.0,42.0,43.0,48.0,39.0,35.0,48.0,54.0,58.0,49.0,49.0,41.0,49.0,44.0,50,0,0,0,1,0,0,0,50,16,4
41.0,43.0,44.0,41.0,47.0,44.0,39.0,41.0,37.0,32.0,42.0,39.0,32.0,41.0,42.0,43.0,48.0,39.0,35.0,48.0,54.0,58.0,49.0,49.0,41.0,49.0,44.0,50.0,44,0,1,0,0,0,0,0,44,17,4
43.0,44.0,41.0,47.0,44.0,39.0,41.0,37.0,32.0,42.0,39.0,32.0,41.0,42.0,43.0,48.0,39.0,35.0,48.0,54.0,58.0,49.0,49.0,41.0,49.0,44.0,50.0,44.0,42,0,0,0,0,0,1,0,42,18,4
44.0,41.0,47.0,44.0,39.0,41.0,37.0,32.0,42.0,39.0,32.0,41.0,42.0,43.0,48.0,39.0,35.0,48.0,54.0,58.0,49.0,49.0,41.0,49.0,44.0,50.0,44.0,42.0,37,0,0,0,0,0,0,1,37,19,4
41.0,47.0,44.0,39.0,41.0,37.0,32.0,42.0,39.0,32.0,41.0,42.0,43.0,48.0,39.0,35.0,48.0,54.0,58.0,49.0,49.0,41.0,49.0,44.0,50.0,44.0,42.0,37.0,38,0,0,0,0,1,0,0,38,20,4
47.0,44.0,39.0,41.0,37.0,32.0,42.0,39.0,32.0,41.0,42.0,43.0,48.0,39.0,35.0,48.0,54.0,58.0,49.0,49.0,41.0,49.0,44.0,50.0,44.0,42.0,37.0,38.0,40,1,0,0,0,0,0,0,40,21,4
44.0,39.0,41.0,37.0,32.0,42.0,39.0,32.0,41.0,42.0,43.0,48.0,39.0,35.0,48.0,54.0,58.0,49.0,49.0,41.0,49.0,44.0,50.0,44.0,42.0,37.0,38.0,40.0,33,0,0,1,0,0,0,0,33,22,4
39.0,41.0,37.0,32.0,42.0,39.0,32.0,41.0,42.0,43.0,48.0,39.0,35.0,48.0,54.0,58.0,49.0,49.0,41.0,49.0,44.0,50.0,44.0,42.0,37.0,38.0,40.0,33.0,30,0,0,0,1,0,0,0,30,23,4
41.0,37.0,32.0,42.0,39.0,32.0,41.0,42.0,43.0,48.0,39.0,35.0,48.0,54.0,58.0,49.0,49.0,41.0,49.0,44.0,50.0,44.0,42.0,37.0,38.0,40.0,33.0,30.0,33,0,1,0,0,0,0,0,33,24,4
37.0,32.0,42.0,39.0,32.0,41.0,42.0,43.0,48.0,39.0,35.0,48.0,54.0,58.0,49.0,49.0,41.0,49.0,44.0,50.0,44.0,42.0,37.0,38.0,40.0,33.0,30.0,33.0,44,0,0,0,0,0,1,0,44,25,4
32.0,42.0,39.0,32.0,41.0,42.0,43.0,48.0,39.0,35.0,48.0,54.0,58.0,49.0,49.0,41.0,49.0,44.0,50.0,44.0,42.0,37.0,38.0,40.0,33.0,30.0,33.0,44.0,31,0,0,0,0,0,0,1,31,26,4
42.0,39.0,32.0,41.0,42.0,43.0,48.0,39.0,35.0,48.0,54.0,58.0,49.0,49.0,41.0,49.0,44.0,50.0,44.0,42.0,37.0,38.0,40.0,33.0,30.0,33.0,44.0,31.0,50,0,0,0,0,1,0,0,50,27,4
39.0,32.0,41.0,42.0,43.0,48.0,39.0,35.0,48.0,54.0,58.0,49.0,49.0,41.0,49.0,44.0,50.0,44.0,42.0,37.0,38.0,40.0,33.0,30.0,33.0,44.0,31.0,50.0,31,1,0,0,0,0,0,0,31,28,4
32.0,41.0,42.0,43.0,48.0,39.0,35.0,48.0,54.0,58.0,49.0,49.0,41.0,49.0,44.0,50.0,44.0,42.0,37.0,38.0,40.0,33.0,30.0,33.0,44.0,31.0,50.0,31.0,28,0,0,1,0,0,0,0,28,29,4
41.0,42.0,43.0,48.0,39.0,35.0,48.0,54.0,58.0,49.0,49.0,41.0,49.0,44.0,50.0,44.0,42.0,37.0,38.0,40.0,33.0,30.0,33.0,44.0,31.0,50.0,31.0,28.0,24,0,0,0,1,0,0,0,24,30,4
42.0,43.0,48.0,39.0,35.0,48.0,54.0,58.0,49.0,49.0,41.0,49.0,44.0,50.0,44.0,42.0,37.0,38.0,40.0,33.0,30.0,33.0,44.0,31.0,50.0,31.0,28.0,24.0,30,0,1,0,0,0,0,0,30,1,5
43.0,48.0,39.0,35.0,48.0,54.0,58.0,49.0,49.0,41.0,49.0,44.0,50.0,44.0,42.0,37.0,38.0,40.0,33.0,30.0,33.0,44.0,31.0,50.0,31.0,28.0,24.0,30.0,44,0,0,0,0,0,1,0,44,2,5
48.0,39.0,35.0,48.0,54.0,58.0,49.0,49.0,41.0,49.0,44.0,50.0,44.0,42.0,37.0,38.0,40.0,33.0,30.0,33.0,44.0,31.0,50.0,31.0,28.0,24.0,30.0,44.0,50,0,0,0,0,0,0,1,50,3,5
39.0,35.0,48.0,54.0,58.0,49.0,49.0,41.0,49.0,44.0,50.0,44.0,42.0,37.0,38.0,40.0,33.0,30.0,33.0,44.0,31.0,50.0,31.0,28.0,24.0,30.0,44.0,50.0,44,0,0,0,0,1,0,0,44,4,5
35.0,48.0,54.0,58.0,49.0,49.0,41.0,49.0,44.0,50.0,44.0,42.0,37.0,38.0,40.0,33.0,30.0,33.0,44.0,31.0,50.0,31.0,28.0,24.0,30.0,44.0,50.0,44.0,37,1,0,0,0,0,0,0,37,5,5
48.0,54.0,58.0,49.0,49.0,41.0,49.0,44.0,50.0,44.0,42.0,37.0,38.0,40.0,33.0,30.0,33.0,44.0,31.0,50.0,31.0,28.0,24.0,30.0,44.0,50.0,44.0,37.0,31,0,0,1,0,0,0,0,31,6,5
54.0,58.0,49.0,49.0,41.0,49.0,44.0,50.0,44.0,42.0,37.0,38.0,40.0,33.0,30.0,33.0,44.0,31.0,50.0,31.0,28.0,24.0,30.0,44.0,50.0,44.0,37.0,31.0,38,0,0,0,1,0,0,0,38,7,5
58.0,49.0,49.0,41.0,49.0,44.0,50.0,44.0,42.0,37.0,38.0,40.0,33.0,30.0,33.0,44.0,31.0,50.0,31.0,28.0,24.0,30.0,44.0,50.0,44.0,37.0,31.0,38.0,45,0,1,0,0,0,0,0,45,8,5
49.0,49.0,41.0,49.0,44.0,50.0,44.0,42.0,37.0,38.0,40.0,33.0,30.0,33.0,44.0,31.0,50.0,31.0,28.0,24.0,30.0,44.0,50.0,44.0,37.0,31.0,38.0,45.0,54,0,0,0,0,0,1,0,54,9,5
49.0,41.0,49.0,44.0,50.0,44.0,42.0,37.0,38.0,40.0,33.0,30.0,33.0,44.0,31.0,50.0,31.0,28.0,24.0,30.0,44.0,50.0,44.0,37.0,31.0,38.0,45.0,54.0,58,0,0,0,0,0,0,1,58,10,5
41.0,49.0,44.0,50.0,44.0,42.0,37.0,38.0,40.0,33.0,30.0,33.0,44.0,31.0,50.0,31.0,28.0,24.0,30.0,44.0,50.0,44.0,37.0,31.0,38.0,45.0,54.0,58.0,49,0,0,0,0,1,0,0,49,11,5
49.0,44.0,50.0,44.0,42.0,37.0,38.0,40.0,33.0,30.0,33.0,44.0,31.0,50.0,31.0,28.0,24.0,30.0,44.0,50.0,44.0,37.0,31.0,38.0,45.0,54.0,58.0,49.0,38,1,0,0,0,0,0,0,38,12,5
44.0,50.0,44.0,42.0,37.0,38.0,40.0,33.0,30.0,33.0,44.0,31.0,50.0,31.0,28.0,24.0,30.0,44.0,50.0,44.0,37.0,31.0,38.0,45.0,54.0,58.0,49.0,38.0,31,0,0,1,0,0,0,0,31,13,5
50.0,44.0,42.0,37.0,38.0,40.0,33.0,30.0,33.0,44.0,31.0,50.0,31.0,28.0,24.0,30.0,44.0,50.0,44.0,37.0,31.0,38.0,45.0,54.0,58.0,49.0,38.0,31.0,47,0,0,0,1,0,0,0,47,14,5
44.0,42.0,37.0,38.0,40.0,33.0,30.0,33.0,44.0,31.0,50.0,31.0,28.0,24.0,30.0,44.0,50.0,44.0,37.0,31.0,38.0,45.0,54.0,58.0,49.0,38.0,31.0,47.0,45,0,1,0,0,0,0,0,45,15,5
42.0,37.0,38.0,40.0,33.0,30.0,33.0,44.0,31.0,50.0,31.0,28.0,24.0,30.0,44.0,50.0,44.0,37.0,31.0,38.0,45.0,54.0,58.0,49.0,38.0,31.0,47.0,45.0,51,0,0,0,0,0,1,0,51,16,5
37.0,38.0,40.0,33.0,30.0,33.0,44.0,31.0,50.0,31.0,28.0,24.0,30.0,44.0,50.0,44.0,37.0,31.0,38.0,45.0,54.0,58.0,49.0,38.0,31.0,47.0,45.0,51.0,71,0,0,0,0,0,0,1,71,17,5
38.0,40.0,33.0,30.0,33.0,44.0,31.0,50.0,31.0,28.0,24.0,30.0,44.0,50.0,44.0,37.0,31.0,38.0,45.0,54.0,58.0,49.0,38.0,31.0,47.0,45.0,51.0,71.0,46,0,0,0,0,1,0,0,46,18,5
40.0,33.0,30.0,33.0,44.0,31.0,50.0,31.0,28.0,24.0,30.0,44.0,50.0,44.0,37.0,31.0,38.0,45.0,54.0,58.0,49.0,38.0,31.0,47.0,45.0,51.0,71.0,46.0,42,1,0,0,0,0,0,0,42,19,5
33.0,30.0,33.0,44.0,31.0,50.0,31.0,28.0,24.0,30.0,44.0,50.0,44.0,37.0,31.0,38.0,45.0,54.0,58.0,49.0,38.0,31.0,47.0,45.0,51.0,71.0,46.0,42.0,36,0,0,1,0,0,0,0,36,20,5
30.0,33.0,44.0,31.0,50.0,31.0,28.0,24.0,30.0,44.0,50.0,44.0,37.0,31.0,38.0,45.0,54.0,58.0,49.0,38.0,31.0,47.0,45.0,51.0,71.0,46.0,42.0,36.0,39,0,0,0,1,0,0,0,39,21,5
33.0,44.0,31.0,50.0,31.0,28.0,24.0,30.0,44.0,50.0,44.0,37.0,31.0,38.0,45.0,54.0,58.0,49.0,38.0,31.0,47.0,45.0,51.0,71.0,46.0,42.0,36.0,39.0,28,0,1,0,0,0,0,0,28,22,5
44.0,31.0,50.0,31.0,28.0,24.0,30.0,44.0,50.0,44.0,37.0,31.0,38.0,45.0,54.0,58.0,49.0,38.0,31.0,47.0,45.0,51.0,71.0,46.0,42.0,36.0,39.0,28.0,38,0,0,0,0,0,1,0,38,23,5
31.0,50.0,31.0,28.0,24.0,30.0,44.0,50.0,44.0,37.0,31.0,38.0,45.0,54.0,58.0,49.0,38.0,31.0,47.0,45.0,51.0,71.0,46.0,42.0,36.0,39.0,28.0,38.0,41,0,0,0,0,0,0,1,41,24,5
50.0,31.0,28.0,24.0,30.0,44.0,50.0,44.0,37.0,31.0,38.0,45.0,54.0,58.0,49.0,38.0,31.0,47.0,45.0,51.0,71.0,46.0,42.0,36.0,39.0,28.0,38.0,41.0,45,0,0,0,0,1,0,0,45,25,5
31.0,28.0,24.0,30.0,44.0,50.0,44.0,37.0,31.0,38.0,45.0,54.0,58.0,49.0,38.0,31.0,47.0,45.0,51.0,71.0,46.0,42.0,36.0,39.0,28.0,38.0,41.0,45.0,45,1,0,0,0,0,0,0,45,26,5
28.0,24.0,30.0,44.0,50.0,44.0,37.0,31.0,38.0,45.0,54.0,58.0,49.0,38.0,31.0,47.0,45.0,51.0,71.0,46.0,42.0,36.0,39.0,28.0,38.0,41.0,45.0,45.0,51,0,0,1,0,0,0,0,51,27,5
24.0,30.0,44.0,50.0,44.0,37.0,31.0,38.0,45.0,54.0,58.0,49.0,38.0,31.0,47.0,45.0,51.0,71.0,46.0,42.0,36.0,39.0,28.0,38.0,41.0,45.0,45.0,51.0,40,0,0,0,1,0,0,0,40,28,5
30.0,44.0,50.0,44.0,37.0,31.0,38.0,45.0,54.0,58.0,49.0,38.0,31.0,47.0,45.0,51.0,71.0,46.0,42.0,36.0,39.0,28.0,38.0,41.0,45.0,45.0,51.0,40.0,39,0,1,0,0,0,0,0,39,29,5
44.0,50.0,44.0,37.0,31.0,38.0,45.0,54.0,58.0,49.0,38.0,31.0,47.0,45.0,51.0,71.0,46.0,42.0,36.0,39.0,28.0,38.0,41.0,45.0,45.0,51.0,40.0,39.0,33,0,0,0,0,0,1,0,33,30,5
50.0,44.0,37.0,31.0,38.0,45.0,54.0,58.0,49.0,38.0,31.0,47.0,45.0,51.0,71.0,46.0,42.0,36.0,39.0,28.0,38.0,41.0,45.0,45.0,51.0,40.0,39.0,33.0,41,0,0,0,0,0,0,1,41,31,5
44.0,37.0,31.0,38.0,45.0,54.0,58.0,49.0,38.0,31.0,47.0,45.0,51.0,71.0,46.0,42.0,36.0,39.0,28.0,38.0,41.0,45.0,45.0,51.0,40.0,39.0,33.0,41.0,50,0,0,0,0,1,0,0,50,1,6
37.0,31.0,38.0,45.0,54.0,58.0,49.0,38.0,31.0,47.0,45.0,51.0,71.0,46.0,42.0,36.0,39.0,28.0,38.0,41.0,45.0,45.0,51.0,40.0,39.0,33.0,41.0,50.0,87,1,0,0,0,0,0,0,87,2,6
31.0,38.0,45.0,54.0,58.0,49.0,38.0,31.0,47.0,45.0,51.0,71.0,46.0,42.0,36.0,39.0,28.0,38.0,41.0,45.0,45.0,51.0,40.0,39.0,33.0,41.0,50.0,87.0,64,0,0,1,0,0,0,0,64,3,6
38.0,45.0,54.0,58.0,49.0,38.0,31.0,47.0,45.0,51.0,71.0,46.0,42.0,36.0,39.0,28.0,38.0,41.0,45.0,45.0,51.0,40.0,39.0,33.0,41.0,50.0,87.0,64.0,67,0,0,0,1,0,0,0,67,4,6
45.0,54.0,58.0,49.0,38.0,31.0,47.0,45.0,51.0,71.0,46.0,42.0,36.0,39.0,28.0,38.0,41.0,45.0,45.0,51.0,40.0,39.0,33.0,41.0,50.0,87.0,64.0,67.0,26,0,1,0,0,0,0,0,26,5,6
54.0,58.0,49.0,38.0,31.0,47.0,45.0,51.0,71.0,46.0,42.0,36.0,39.0,28.0,38.0,41.0,45.0,45.0,51.0,40.0,39.0,33.0,41.0,50.0,87.0,64.0,67.0,26.0,50,0,0,0,0,0,1,0,50,6,6
58.0,49.0,38.0,31.0,47.0,45.0,51.0,71.0,46.0,42.0,36.0,39.0,28.0,38.0,41.0,45.0,45.0,51.0,40.0,39.0,33.0,41.0,50.0,87.0,64.0,67.0,26.0,50.0,40,0,0,0,0,0,0,1,40,7,6
49.0,38.0,31.0,47.0,45.0,51.0,71.0,46.0,42.0,36.0,39.0,28.0,38.0,41.0,45.0,45.0,51.0,40.0,39.0,33.0,41.0,50.0,87.0,64.0,67.0,26.0,50.0,40.0,40,0,0,0,0,1,0,0,40,8,6
38.0,31.0,47.0,45.0,51.0,71.0,46.0,42.0,36.0,39.0,28.0,38.0,41.0,45.0,45.0,51.0,40.0,39.0,33.0,41.0,50.0,87.0,64.0,67.0,26.0,50.0,40.0,40.0,44,1,0,0,0,0,0,0,44,9,6
31.0,47.0,45.0,51.0,71.0,46.0,42.0,36.0,39.0,28.0,38.0,41.0,45.0,45.0,51.0,40.0,39.0,33.0,41.0,50.0,87.0,64.0,67.0,26.0,50.0,40.0,40.0,44.0,50,0,0,1,0,0,0,0,50,10,6
47.0,45.0,51.0,71.0,46.0,42.0,36.0,39.0,28.0,38.0,41.0,45.0,45.0,51.0,40.0,39.0,33.0,41.0,50.0,87.0,64.0,67.0,26.0,50.0,40.0,40.0,44.0,50.0,50,0,0,0,1,0,0,0,50,11,6
45.0,51.0,71.0,46.0,42.0,36.0,39.0,28.0,38.0,41.0,45.0,45.0,51.0,40.0,39.0,33.0,41.0,50.0,87.0,64.0,67.0,26.0,50.0,40.0,40.0,44.0,50.0,50.0,46,0,1,0,0,0,0,0,46,12,6
51.0,71.0,46.0,42.0,36.0,39.0,28.0,38.0,41.0,45.0,45.0,51.0,40.0,39.0,33.0,41.0,50.0,87.0,64.0,67.0,26.0,50.0,40.0,40.0,44.0,50.0,50.0,46.0,46,0,0,0,0,0,1,0,46,13,6
71.0,46.0,42.0,36.0,39.0,28.0,38.0,41.0,45.0,45.0,51.0,40.0,39.0,33.0,41.0,50.0,87.0,64.0,67.0,26.0,50.0,40.0,40.0,44.0,50.0,50.0,46.0,46.0,51,0,0,0,0,0,0,1,51,14,6
46.0,42.0,36.0,39.0,28.0,38.0,41.0,45.0,45.0,51.0,40.0,39.0,33.0,41.0,50.0,87.0,64.0,67.0,26.0,50.0,40.0,40.0,44.0,50.0,50.0,46.0,46.0,51.0,49,0,0,0,0,1,0,0,49,15,6
42.0,36.0,39.0,28.0,38.0,41.0,45.0,45.0,51.0,40.0,39.0,33.0,41.0,50.0,87.0,64.0,67.0,26.0,50.0,40.0,40.0,44.0,50.0,50.0,46.0,46.0,51.0,49.0,44,1,0,0,0,0,0,0,44,16,6
36.0,39.0,28.0,38.0,41.0,45.0,45.0,51.0,40.0,39.0,33.0,41.0,50.0,87.0,64.0,67.0,26.0,50.0,40.0,40.0,44.0,50.0,50.0,46.0,46.0,51.0,49.0,44.0,20,0,0,1,0,0,0,0,20,17,6
39.0,28.0,38.0,41.0,45.0,45.0,51.0,40.0,39.0,33.0,41.0,50.0,87.0,64.0,67.0,26.0,50.0,40.0,40.0,44.0,50.0,50.0,46.0,46.0,51.0,49.0,44.0,20.0,29,0,0,0,1,0,0,0,29,18,6
28.0,38.0,41.0,45.0,45.0,51.0,40.0,39.0,33.0,41.0,50.0,87.0,64.0,67.0,26.0,50.0,40.0,40.0,44.0,50.0,50.0,46.0,46.0,51.0,49.0,44.0,20.0,29.0,29,0,1,0,0,0,0,0,29,19,6
38.0,41.0,45.0,45.0,51.0,40.0,39.0,33.0,41.0,50.0,87.0,64.0,67.0,26.0,50.0,40.0,40.0,44.0,50.0,50.0,46.0,46.0,51.0,49.0,44.0,20.0,29.0,29.0,32,0,0,0,0,0,1,0,32,20,6
41.0,45.0,45.0,51.0,40.0,39.0,33.0,41.0,50.0,87.0,64.0,67.0,26.0,50.0,40.0,40.0,44.0,50.0,50.0,46.0,46.0,51.0,49.0,44.0,20.0,29.0,29.0,32.0,32,0,0,0,0,0,0,1,32,21,6
45.0,45.0,51.0,40.0,39.0,33.0,41.0,50.0,87.0,64.0,67.0,26.0,50.0,40.0,40.0,44.0,50.0,50.0,46.0,46.0,51.0,49.0,44.0,20.0,29.0,29.0,32.0,32.0,33,0,0,0,0,1,0,0,33,22,6
45.0,51.0,40.0,39.0,33.0,41.0,50.0,87.0,64.0,67.0,26.0,50.0,40.0,40.0,44.0,50.0,50.0,46.0,46.0,51.0,49.0,44.0,20.0,29.0,29.0,32.0,32.0,33.0,22,1,0,0,0,0,0,0,22,23,6
51.0,40.0,39.0,33.0,41.0,50.0,87.0,64.0,67.0,26.0,50.0,40.0,40.0,44.0,50.0,50.0,46.0,46.0,51.0,49.0,44.0,20.0,29.0,29.0,32.0,32.0,33.0,22.0,35,0,0,1,0,0,0,0,35,24,6
40.0,39.0,33.0,41.0,50.0,87.0,64.0,67.0,26.0,50.0,40.0,40.0,44.0,50.0,50.0,46.0,46.0,51.0,49.0,44.0,20.0,29.0,29.0,32.0,32.0,33.0,22.0,35.0,43,0,0,0,1,0,0,0,43,25,6
39.0,33.0,41.0,50.0,87.0,64.0,67.0,26.0,50.0,40.0,40.0,44.0,50.0,50.0,46.0,46.0,51.0,49.0,44.0,20.0,29.0,29.0,32.0,32.0,33.0,22.0,35.0,43.0,64,0,1,0,0,0,0,0,64,26,6
33.0,41.0,50.0,87.0,64.0,67.0,26.0,50.0,40.0,40.0,44.0,50.0,50.0,46.0,46.0,51.0,49.0,44.0,20.0,29.0,29.0,32.0,32.0,33.0,22.0,35.0,43.0,64.0,47,0,0,0,0,0,1,0,47,27,6
41.0,50.0,87.0,64.0,67.0,26.0,50.0,40.0,40.0,44.0,50.0,50.0,46.0,46.0,51.0,49.0,44.0,20.0,29.0,29.0,32.0,32.0,33.0,22.0,35.0,43.0,64.0,47.0,42,0,0,0,0,0,0,1,42,28,6
50.0,87.0,64.0,67.0,26.0,50.0,40.0,40.0,44.0,50.0,50.0,46.0,46.0,51.0,49.0,44.0,20.0,29.0,29.0,32.0,32.0,33.0,22.0,35.0,43.0,64.0,47.0,42.0,50,0,0,0,0,1,0,0,50,29,6
87.0,64.0,67.0,26.0,50.0,40.0,40.0,44.0,50.0,50.0,46.0,46.0,51.0,49.0,44.0,20.0,29.0,29.0,32.0,32.0,33.0,22.0,35.0,43.0,64.0,47.0,42.0,50.0,40,1,0,0,0,0,0,0,40,30,6
64.0,67.0,26.0,50.0,40.0,40.0,44.0,50.0,50.0,46.0,46.0,51.0,49.0,44.0,20.0,29.0,29.0,32.0,32.0,33.0,22.0,35.0,43.0,64.0,47.0,42.0,50.0,40.0,25,0,0,1,0,0,0,0,25,1,7
67.0,26.0,50.0,40.0,40.0,44.0,50.0,50.0,46.0,46.0,51.0,49.0,44.0,20.0,29.0,29.0,32.0,32.0,33.0,22.0,35.0,43.0,64.0,47.0,42.0,50.0,40.0,25.0,44,0,0,0,1,0,0,0,44,2,7
26.0,50.0,40.0,40.0,44.0,50.0,50.0,46.0,46.0,51.0,49.0,44.0,20.0,29.0,29.0,32.0,32.0,33.0,22.0,35.0,43.0,64.0,47.0,42.0,50.0,40.0,25.0,44.0,47,0,1,0,0,0,0,0,47,3,7
50.0,40.0,40.0,44.0,50.0,50.0,46.0,46.0,51.0,49.0,44.0,20.0,29.0,29.0,32.0,32.0,33.0,22.0,35.0,43.0,64.0,47.0,42.0,50.0,40.0,25.0,44.0,47.0,39,0,0,0,0,0,1,0,39,4,7
40.0,40.0,44.0,50.0,50.0,46.0,46.0,51.0,49.0,44.0,20.0,29.0,29.0,32.0,32.0,33.0,22.0,35.0,43.0,64.0,47.0,42.0,50.0,40.0,25.0,44.0,47.0,39.0,31,0,0,0,0,0,0,1,31,5,7
40.0,44.0,50.0,50.0,46.0,46.0,51.0,49.0,44.0,20.0,29.0,29.0,32.0,32.0,33.0,22.0,35.0,43.0,64.0,47.0,42.0,50.0,40.0,25.0,44.0,47.0,39.0,31.0,29,0,0,0,0,1,0,0,29,6,7
44.0,50.0,50.0,46.0,46.0,51.0,49.0,44.0,20.0,29.0,29.0,32.0,32.0,33.0,22.0,35.0,43.0,64.0,47.0,42.0,50.0,40.0,25.0,44.0,47.0,39.0,31.0,29.0,37,1,0,0,0,0,0,0,37,7,7
50.0,50.0,46.0,46.0,51.0,49.0,44.0,20.0,29.0,29.0,32.0,32.0,33.0,22.0,35.0,43.0,64.0,47.0,42.0,50.0,40.0,25.0,44.0,47.0,39.0,31.0,29.0,37.0,46,0,0,1,0,0,0,0,46,8,7
50.0,46.0,46.0,51.0,49.0,44.0,20.0,29.0,29.0,32.0,32.0,33.0,22.0,35.0,43.0,64.0,47.0,42.0,50.0,40.0,25.0,44.0,47.0,39.0,31.0,29.0,37.0,46.0,44,0,0,0,1,0,0,0,44,9,7
46.0,46.0,51.0,49.0,44.0,20.0,29.0,29.0,32.0,32.0,33.0,22.0,35.0,43.0,64.0,47.0,42.0,50.0,40.0,25.0,44.0,47.0,39.0,31.0,29.0,37.0,46.0,44.0,49,0,1,0,0,0,0,0,49,10,7
46.0,51.0,49.0,44.0,20.0,29.0,29.0,32.0,32.0,33.0,22.0,35.0,43.0,64.0,47.0,42.0,50.0,40.0,25.0,44.0,47.0,39.0,31.0,29.0,37.0,46.0,44.0,49.0,46,0,0,0,0,0,1,0,46,11,7
51.0,49.0,44.0,20.0,29.0,29.0,32.0,32.0,33.0,22.0,35.0,43.0,64.0,47.0,42.0,50.0,40.0,25.0,44.0,47.0,39.0,31.0,29.0,37.0,46.0,44.0,49.0,46.0,44,0,0,0,0,0,0,1,44,12,7
49.0,44.0,20.0,29.0,29.0,32.0,32.0,33.0,22.0,35.0,43.0,64.0,47.0,42.0,50.0,40.0,25.0,44.0,47.0,39.0,31.0,29.0,37.0,46.0,44.0,49.0,46.0,44.0,42,0,0,0,0,1,0,0,42,13,7
44.0,20.0,29.0,29.0,32.0,32.0,33.0,22.0,35.0,43.0,64.0,47.0,42.0,50.0,40.0,25.0,44.0,47.0,39.0,31.0,29.0,37.0,46.0,44.0,49.0,46.0,44.0,42.0,44,1,0,0,0,0,0,0,44,14,7
20.0,29.0,29.0,32.0,32.0,33.0,22.0,35.0,43.0,64.0,47.0,42.0,50.0,40.0,25.0,44.0,47.0,39.0,31.0,29.0,37.0,46.0,44.0,49.0,46.0,44.0,42.0,44.0,35,0,0,1,0,0,0,0,35,15,7
29.0,29.0,32.0,32.0,33.0,22.0,35.0,43.0,64.0,47.0,42.0,50.0,40.0,25.0,44.0,47.0,39.0,31.0,29.0,37.0,46.0,44.0,49.0,46.0,44.0,42.0,44.0,35.0,43,0,0,0,1,0,0,0,43,16,7
29.0,32.0,32.0,33.0,22.0,35.0,43.0,64.0,47.0,42.0,50.0,40.0,25.0,44.0,47.0,39.0,31.0,29.0,37.0,46.0,44.0,49.0,46.0,44.0,42.0,44.0,35.0,43.0,31,0,1,0,0,0,0,0,31,17,7
32.0,32.0,33.0,22.0,35.0,43.0,64.0,47.0,42.0,50.0,40.0,25.0,44.0,47.0,39.0,31.0,29.0,37.0,46.0,44.0,49.0,46.0,44.0,42.0,44.0,35.0,43.0,31.0,30,0,0,0,0,0,1,0,30,18,7
32.0,33.0,22.0,35.0,43.0,64.0,47.0,42.0,50.0,40.0,25.0,44.0,47.0,39.0,31.0,29.0,37.0,46.0,44.0,49.0,46.0,44.0,42.0,44.0,35.0,43.0,31.0,30.0,42,0,0,0,0,0,0,1,42,19,7
33.0,22.0,35.0,43.0,64.0,47.0,42.0,50.0,40.0,25.0,44.0,47.0,39.0,31.0,29.0,37.0,46.0,44.0,49.0,46.0,44.0,42.0,44.0,35.0,43.0,31.0,30.0,42.0,50,0,0,0,0,1,0,0,50,20,7
22.0,35.0,43.0,64.0,47.0,42.0,50.0,40.0,25.0,44.0,47.0,39.0,31.0,29.0,37.0,46.0,44.0,49.0,46.0,44.0,42.0,44.0,35.0,43.0,31.0,30.0,42.0,50.0,71,1,0,0,0,0,0,0,71,21,7
35.0,43.0,64.0,47.0,42.0,50.0,40.0,25.0,44.0,47.0,39.0,31.0,29.0,37.0,46.0,44.0,49.0,46.0,44.0,42.0,44.0,35.0,43.0,31.0,30.0,42.0,50.0,71.0,41,0,0,1,0,0,0,0,41,22,7
43.0,64.0,47.0,42.0,50.0,40.0,25.0,44.0,47.0,39.0,31.0,29.0,37.0,46.0,44.0,49.0,46.0,44.0,42.0,44.0,35.0,43.0,31.0,30.0,42.0,50.0,71.0,41.0,38,0,0,0,1,0,0,0,38,23,7
64.0,47.0,42.0,50.0,40.0,25.0,44.0,47.0,39.0,31.0,29.0,37.0,46.0,44.0,49.0,46.0,44.0,42.0,44.0,35.0,43.0,31.0,30.0,42.0,50.0,71.0,41.0,38.0,38,0,1,0,0,0,0,0,38,24,7
47.0,42.0,50.0,40.0,25.0,44.0,47.0,39.0,31.0,29.0,37.0,46.0,44.0,49.0,46.0,44.0,42.0,44.0,35.0,43.0,31.0,30.0,42.0,50.0,71.0,41.0,38.0,38.0,43,0,0,0,0,0,1,0,43,25,7
42.0,50.0,40.0,25.0,44.0,47.0,39.0,31.0,29.0,37.0,46.0,44.0,49.0,46.0,44.0,42.0,44.0,35.0,43.0,31.0,30.0,42.0,50.0,71.0,41.0,38.0,38.0,43.0,42,0,0,0,0,0,0,1,42,26,7
50.0,40.0,25.0,44.0,47.0,39.0,31.0,29.0,37.0,46.0,44.0,49.0,46.0,44.0,42.0,44.0,35.0,43.0,31.0,30.0,42.0,50.0,71.0,41.0,38.0,38.0,43.0,42.0,38,0,0,0,0,1,0,0,38,27,7
40.0,25.0,44.0,47.0,39.0,31.0,29.0,37.0,46.0,44.0,49.0,46.0,44.0,42.0,44.0,35.0,43.0,31.0,30.0,42.0,50.0,71.0,41.0,38.0,38.0,43.0,42.0,38.0,29,1,0,0,0,0,0,0,29,28,7
25.0,44.0,47.0,39.0,31.0,29.0,37.0,46.0,44.0,49.0,46.0,44.0,42.0,44.0,35.0,43.0,31.0,30.0,42.0,50.0,71.0,41.0,38.0,38.0,43.0,42.0,38.0,29.0,33,0,0,1,0,0,0,0,33,29,7
44.0,47.0,39.0,31.0,29.0,37.0,46.0,44.0,49.0,46.0,44.0,42.0,44.0,35.0,43.0,31.0,30.0,42.0,50.0,71.0,41.0,38.0,38.0,43.0,42.0,38.0,29.0,33.0,36,0,0,0,1,0,0,0,36,30,7
47.0,39.0,31.0,29.0,37.0,46.0,44.0,49.0,46.0,44.0,42.0,44.0,35.0,43.0,31.0,30.0,42.0,50.0,71.0,41.0,38.0,38.0,43.0,42.0,38.0,29.0,33.0,36.0,44,0,1,0,0,0,0,0,44,31,7
39.0,31.0,29.0,37.0,46.0,44.0,49.0,46.0,44.0,42.0,44.0,35.0,43.0,31.0,30.0,42.0,50.0,71.0,41.0,38.0,38.0,43.0,42.0,38.0,29.0,33.0,36.0,44.0,64,0,0,0,0,0,1,0,64,1,8
31.0,29.0,37.0,46.0,44.0,49.0,46.0,44.0,42.0,44.0,35.0,43.0,31.0,30.0,42.0,50.0,71.0,41.0,38.0,38.0,43.0,42.0,38.0,29.0,33.0,36.0,44.0,64.0,45,0,0,0,0,0,0,1,45,2,8
29.0,37.0,46.0,44.0,49.0,46.0,44.0,42.0,44.0,35.0,43.0,31.0,30.0,42.0,50.0,71.0,41.0,38.0,38.0,43.0,42.0,38.0,29.0,33.0,36.0,44.0,64.0,45.0,44,0,0,0,0,1,0,0,44,3,8
37.0,46.0,44.0,49.0,46.0,44.0,42.0,44.0,35.0,43.0,31.0,30.0,42.0,50.0,71.0,41.0,38.0,38.0,43.0,42.0,38.0,29.0,33.0,36.0,44.0,64.0,45.0,44.0,37,1,0,0,0,0,0,0,37,4,8
46.0,44.0,49.0,46.0,44.0,42.0,44.0,35.0,43.0,31.0,30.0,42.0,50.0,71.0,41.0,38.0,38.0,43.0,42.0,38.0,29.0,33.0,36.0,44.0,64.0,45.0,44.0,37.0,44,0,0,1,0,0,0,0,44,5,8
44.0,49.0,46.0,44.0,42.0,44.0,35.0,43.0,31.0,30.0,42.0,50.0,71.0,41.0,38.0,38.0,43.0,42.0,38.0,29.0,33.0,36.0,44.0,64.0,45.0,44.0,37.0,44.0,40,0,0,0,1,0,0,0,40,6,8
49.0,46.0,44.0,42.0,44.0,35.0,43.0,31.0,30.0,42.0,50.0,71.0,41.0,38.0,38.0,43.0,42.0,38.0,29.0,33.0,36.0,44.0,64.0,45.0,44.0,37.0,44.0,40.0,31,0,1,0,0,0,0,0,31,7,8
46.0,44.0,42.0,44.0,35.0,43.0,31.0,30.0,42.0,50.0,71.0,41.0,38.0,38.0,43.0,42.0,38.0,29.0,33.0,36.0,44.0,64.0,45.0,44.0,37.0,44.0,40.0,31.0,28,0,0,0,0,0,1,0,28,8,8
44.0,42.0,44.0,35.0,43.0,31.0,30.0,42.0,50.0,71.0,41.0,38.0,38.0,43.0,42.0,38.0,29.0,33.0,36.0,44.0,64.0,45.0,44.0,37.0,44.0,40.0,31.0,28.0,48,0,0,0,0,0,0,1,48,9,8
42.0,44.0,35.0,43.0,31.0,30.0,42.0,50.0,71.0,41.0,38.0,38.0,43.0,42.0,38.0,29.0,33.0,36.0,44.0,64.0,45.0,44.0,37.0,44.0,40.0,31.0,28.0,48.0,47,0,0,0,0,1,0,0,47,10,8
44.0,35.0,43.0,31.0,30.0,42.0,50.0,71.0,41.0,38.0,38.0,43.0,42.0,38.0,29.0,33.0,36.0,44.0,64.0,45.0,44.0,37.0,44.0,40.0,31.0,28.0,48.0,47.0,25,1,0,0,0,0,0,0,25,11,8
35.0,43.0,31.0,30.0,42.0,50.0,71.0,41.0,38.0,38.0,43.0,42.0,38.0,29.0,33.0,36.0,44.0,64.0,45.0,44.0,37.0,44.0,40.0,31.0,28.0,48.0,47.0,25.0,15,0,0,1,0,0,0,0,15,12,8
43.0,31.0,30.0,42.0,50.0,71.0,41.0,38.0,38.0,43.0,42.0,38.0,29.0,33.0,36.0,44.0,64.0,45.0,44.0,37.0,44.0,40.0,31.0,28.0,48.0,47.0,25.0,15.0,34,0,0,0,1,0,0,0,34,13,8
31.0,30.0,42.0,50.0,71.0,41.0,38.0,38.0,43.0,42.0,38.0,29.0,33.0,36.0,44.0,64.0,45.0,44.0,37.0,44.0,40.0,31.0,28.0,48.0,47.0,25.0,15.0,34.0,30,0,1,0,0,0,0,0,30,14,8
30.0,42.0,50.0,71.0,41.0,38.0,38.0,43.0,42.0,38.0,29.0,33.0,36.0,44.0,64.0,45.0,44.0,37.0,44.0,40.0,31.0,28.0,48.0,47.0,25.0,15.0,34.0,30.0,22,0,0,0,0,0,1,0,22,15,8
42.0,50.0,71.0,41.0,38.0,38.0,43.0,42.0,38.0,29.0,33.0,36.0,44.0,64.0,45.0,44.0,37.0,44.0,40.0,31.0,28.0,48.0,47.0,25.0,15.0,34.0,30.0,22.0,42,0,0,0,0,0,0,1,42,16,8
50.0,71.0,41.0,38.0,38.0,43.0,42.0,38.0,29.0,33.0,36.0,44.0,64.0,45.0,44.0,37.0,44.0,40.0,31.0,28.0,48.0,47.0,25.0,15.0,34.0,30.0,22.0,42.0,42,0,0,0,0,1,0,0,42,17,8
71.0,41.0,38.0,38.0,43.0,42.0,38.0,29.0,33.0,36.0,44.0,64.0,45.0,44.0,37.0,44.0,40.0,31.0,28.0,48.0,47.0,25.0,15.0,34.0,30.0,22.0,42.0,42.0,31,1,0,0,0,0,0,0,31,18,8
41.0,38.0,38.0,43.0,42.0,38.0,29.0,33.0,36.0,44.0,64.0,45.0,44.0,37.0,44.0,40.0,31.0,28.0,48.0,47.0,25.0,15.0,34.0,30.0,22.0,42.0,42.0,31.0,41,0,0,1,0,0,0,0,41,19,8
38.0,38.0,43.0,42.0,38.0,29.0,33.0,36.0,44.0,64.0,45.0,44.0,37.0,44.0,40.0,31.0,28.0,48.0,47.0,25.0,15.0,34.0,30.0,22.0,42.0,42.0,31.0,41.0,47,0,0,0,1,0,0,0,47,20,8
38.0,43.0,42.0,38.0,29.0,33.0,36.0,44.0,64.0,45.0,44.0,37.0,44.0,40.0,31.0,28.0,48.0,47.0,25.0,15.0,34.0,30.0,22.0,42.0,42.0,31.0,41.0,47.0,40,0,1,0,0,0,0,0,40,21,8
43.0,42.0,38.0,29.0,33.0,36.0,44.0,64.0,45.0,44.0,37.0,44.0,40.0,31.0,28.0,48.0,47.0,25.0,15.0,34.0,30.0,22.0,42.0,42.0,31.0,41.0,47.0,40.0,25,0,0,0,0,0,1,0,25,22,8
42.0,38.0,29.0,33.0,36.0,44.0,64.0,45.0,44.0,37.0,44.0,40.0,31.0,28.0,48.0,47.0,25.0,15.0,34.0,30.0,22.0,42.0,42.0,31.0,41.0,47.0,40.0,25.0,41,0,0,0,0,0,0,1,41,23,8
38.0,29.0,33.0,36.0,44.0,64.0,45.0,44.0,37.0,44.0,40.0,31.0,28.0,48.0,47.0,25.0,15.0,34.0,30.0,22.0,42.0,42.0,31.0,41.0,47.0,40.0,25.0,41.0,49,0,0,0,0,1,0,0,49,24,8
29.0,33.0,36.0,44.0,64.0,45.0,44.0,37.0,44.0,40.0,31.0,28.0,48.0,47.0,25.0,15.0,34.0,30.0,22.0,42.0,42.0,31.0,41.0,47.0,40.0,25.0,41.0,49.0,49,1,0,0,0,0,0,0,49,25,8
33.0,36.0,44.0,64.0,45.0,44.0,37.0,44.0,40.0,31.0,28.0,48.0,47.0,25.0,15.0,34.0,30.0,22.0,42.0,42.0,31.0,41.0,47.0,40.0,25.0,41.0,49.0,49.0,50,0,0,1,0,0,0,0,50,26,8
36.0,44.0,64.0,45.0,44.0,37.0,44.0,40.0,31.0,28.0,48.0,47.0,25.0,15.0,34.0,30.0,22.0,42.0,42.0,31.0,41.0,47.0,40.0,25.0,41.0,49.0,49.0,50.0,44,0,0,0,1,0,0,0,44,27,8
44.0,64.0,45.0,44.0,37.0,44.0,40.0,31.0,28.0,48.0,47.0,25.0,15.0,34.0,30.0,22.0,42.0,42.0,31.0,41.0,47.0,40.0,25.0,41.0,49.0,49.0,50.0,44.0,41,0,1,0,0,0,0,0,41,28,8
64.0,45.0,44.0,37.0,44.0,40.0,31.0,28.0,48.0,47.0,25.0,15.0,34.0,30.0,22.0,42.0,42.0,31.0,41.0,47.0,40.0,25.0,41.0,49.0,49.0,50.0,44.0,41.0,34,0,0,0,0,0,1,0,34,29,8
45.0,44.0,37.0,44.0,40.0,31.0,28.0,48.0,47.0,25.0,15.0,34.0,30.0,22.0,42.0,42.0,31.0,41.0,47.0,40.0,25.0,41.0,49.0,49.0,50.0,44.0,41.0,34.0,35,0,0,0,0,0,0,1,35,30,8
44.0,37.0,44.0,40.0,31.0,28.0,48.0,47.0,25.0,15.0,34.0,30.0,22.0,42.0,42.0,31.0,41.0,47.0,40.0,25.0,41.0,49.0,49.0,50.0,44.0,41.0,34.0,35.0,38,0,0,0,0,1,0,0,38,31,8
37.0,44.0,40.0,31.0,28.0,48.0,47.0,25.0,15.0,34.0,30.0,22.0,42.0,42.0,31.0,41.0,47.0,40.0,25.0,41.0,49.0,49.0,50.0,44.0,41.0,34.0,35.0,38.0,33,1,0,0,0,0,0,0,33,1,9
44.0,40.0,31.0,28.0,48.0,47.0,25.0,15.0,34.0,30.0,22.0,42.0,42.0,31.0,41.0,47.0,40.0,25.0,41.0,49.0,49.0,50.0,44.0,41.0,34.0,35.0,38.0,33.0,30,0,0,1,0,0,0,0,30,2,9
40.0,31.0,28.0,48.0,47.0,25.0,15.0,34.0,30.0,22.0,42.0,42.0,31.0,41.0,47.0,40.0,25.0,41.0,49.0,49.0,50.0,44.0,41.0,34.0,35.0,38.0,33.0,30.0,23,0,0,0,1,0,0,0,23,3,9
31.0,28.0,48.0,47.0,25.0,15.0,34.0,30.0,22.0,42.0,42.0,31.0,41.0,47.0,40.0,25.0,41.0,49.0,49.0,50.0,44.0,41.0,34.0,35.0,38.0,33.0,30.0,23.0,37,0,1,0,0,0,0,0,37,4,9
28.0,48.0,47.0,25.0,15.0,34.0,30.0,22.0,42.0,42.0,31.0,41.0,47.0,40.0,25.0,41.0,49.0,49.0,50.0,44.0,41.0,34.0,35.0,38.0,33.0,30.0,23.0,37.0,33,0,0,0,0,0,1,0,33,5,9
48.0,47.0,25.0,15.0,34.0,30.0,22.0,42.0,42.0,31.0,41.0,47.0,40.0,25.0,41.0,49.0,49.0,50.0,44.0,41.0,34.0,35.0,38.0,33.0,30.0,23.0,37.0,33.0,28,0,0,0,0,0,0,1,28,6,9
47.0,25.0,15.0,34.0,30.0,22.0,42.0,42.0,31.0,41.0,47.0,40.0,25.0,41.0,49.0,49.0,50.0,44.0,41.0,34.0,35.0,38.0,33.0,30.0,23.0,37.0,33.0,28.0,32,0,0,0,0,1,0,0,32,7,9
25.0,15.0,34.0,30.0,22.0,42.0,42.0,31.0,41.0,47.0,40.0,25.0,41.0,49.0,49.0,50.0,44.0,41.0,34.0,35.0,38.0,33.0,30.0,23.0,37.0,33.0,28.0,32.0,38,1,0,0,0,0,0,0,38,8,9
15.0,34.0,30.0,22.0,42.0,42.0,31.0,41.0,47.0,40.0,25.0,41.0,49.0,49.0,50.0,44.0,41.0,34.0,35.0,38.0,33.0,30.0,23.0,37.0,33.0,28.0,32.0,38.0,34,0,0,1,0,0,0,0,34,9,9
34.0,30.0,22.0,42.0,42.0,31.0,41.0,47.0,40.0,25.0,41.0,49.0,49.0,50.0,44.0,41.0,34.0,35.0,38.0,33.0,30.0,23.0,37.0,33.0,28.0,32.0,38.0,34.0,31,0,0,0,1,0,0,0,31,10,9
30.0,22.0,42.0,42.0,31.0,41.0,47.0,40.0,25.0,41.0,49.0,49.0,50.0,44.0,41.0,34.0,35.0,38.0,33.0,30.0,23.0,37.0,33.0,28.0,32.0,38.0,34.0,31.0,31,0,1,0,0,0,0,0,31,11,9
22.0,42.0,42.0,31.0,41.0,47.0,40.0,25.0,41.0,49.0,49.0,50.0,44.0,41.0,34.0,35.0,38.0,33.0,30.0,23.0,37.0,33.0,28.0,32.0,38.0,34.0,31.0,31.0,27,0,0,0,0,0,1,0,27,12,9
42.0,42.0,31.0,41.0,47.0,40.0,25.0,41.0,49.0,49.0,50.0,44.0,41.0,34.0,35.0,38.0,33.0,30.0,23.0,37.0,33.0,28.0,32.0,38.0,34.0,31.0,31.0,27.0,28,0,0,0,0,0,0,1,28,13,9
42.0,31.0,41.0,47.0,40.0,25.0,41.0,49.0,49.0,50.0,44.0,41.0,34.0,35.0,38.0,33.0,30.0,23.0,37.0,33.0,28.0,32.0,38.0,34.0,31.0,31.0,27.0,28.0,29,0,0,0,0,1,0,0,29,14,9
31.0,41.0,47.0,40.0,25.0,41.0,49.0,49.0,50.0,44.0,41.0,34.0,35.0,38.0,33.0,30.0,23.0,37.0,33.0,28.0,32.0,38.0,34.0,31.0,31.0,27.0,28.0,29.0,44,1,0,0,0,0,0,0,44,15,9
41.0,47.0,40.0,25.0,41.0,49.0,49.0,50.0,44.0,41.0,34.0,35.0,38.0,33.0,30.0,23.0,37.0,33.0,28.0,32.0,38.0,34.0,31.0,31.0,27.0,28.0,29.0,44.0,44,0,0,1,0,0,0,0,44,16,9
47.0,40.0,25.0,41.0,49.0,49.0,50.0,44.0,41.0,34.0,35.0,38.0,33.0,30.0,23.0,37.0,33.0,28.0,32.0,38.0,34.0,31.0,31.0,27.0,28.0,29.0,44.0,44.0,27,0,0,0,1,0,0,0,27,17,9
40.0,25.0,41.0,49.0,49.0,50.0,44.0,41.0,34.0,35.0,38.0,33.0,30.0,23.0,37.0,33.0,28.0,32.0,38.0,34.0,31.0,31.0,27.0,28.0,29.0,44.0,44.0,27.0,25,0,1,0,0,0,0,0,25,18,9
25.0,41.0,49.0,49.0,50.0,44.0,41.0,34.0,35.0,38.0,33.0,30.0,23.0,37.0,33.0,28.0,32.0,38.0,34.0,31.0,31.0,27.0,28.0,29.0,44.0,44.0,27.0,25.0,25,0,0,0,0,0,1,0,25,19,9
41.0,49.0,49.0,50.0,44.0,41.0,34.0,35.0,38.0,33.0,30.0,23.0,37.0,33.0,28.0,32.0,38.0,34.0,31.0,31.0,27.0,28.0,29.0,44.0,44.0,27.0,25.0,25.0,33,0,0,0,0,0,0,1,33,20,9
49.0,49.0,50.0,44.0,41.0,34.0,35.0,38.0,33.0,30.0,23.0,37.0,33.0,28.0,32.0,38.0,34.0,31.0,31.0,27.0,28.0,29.0,44.0,44.0,27.0,25.0,25.0,33.0,44,0,0,0,0,1,0,0,44,21,9
49.0,50.0,44.0,41.0,34.0,35.0,38.0,33.0,30.0,23.0,37.0,33.0,28.0,32.0,38.0,34.0,31.0,31.0,27.0,28.0,29.0,44.0,44.0,27.0,25.0,25.0,33.0,44.0,43,1,0,0,0,0,0,0,43,22,9
50.0,44.0,41.0,34.0,35.0,38.0,33.0,30.0,23.0,37.0,33.0,28.0,32.0,38.0,34.0,31.0,31.0,27.0,28.0,29.0,44.0,44.0,27.0,25.0,25.0,33.0,44.0,43.0,43,0,0,1,0,0,0,0,43,23,9
44.0,41.0,34.0,35.0,38.0,33.0,30.0,23.0,37.0,33.0,28.0,32.0,38.0,34.0,31.0,31.0,27.0,28.0,29.0,44.0,44.0,27.0,25.0,25.0,33.0,44.0,43.0,43.0,49,0,0,0,1,0,0,0,49,24,9
41.0,34.0,35.0,38.0,33.0,30.0,23.0,37.0,33.0,28.0,32.0,38.0,34.0,31.0,31.0,27.0,28.0,29.0,44.0,44.0,27.0,25.0,25.0,33.0,44.0,43.0,43.0,49.0,31,0,1,0,0,0,0,0,31,25,9
34.0,35.0,38.0,33.0,30.0,23.0,37.0,33.0,28.0,32.0,38.0,34.0,31.0,31.0,27.0,28.0,29.0,44.0,44.0,27.0,25.0,25.0,33.0,44.0,43.0,43.0,49.0,31.0,17,0,0,0,0,0,1,0,17,26,9
35.0,38.0,33.0,30.0,23.0,37.0,33.0,28.0,32.0,38.0,34.0,31.0,31.0,27.0,28.0,29.0,44.0,44.0,27.0,25.0,25.0,33.0,44.0,43.0,43.0,49.0,31.0,17.0,33,0,0,0,0,0,0,1,33,27,9
38.0,33.0,30.0,23.0,37.0,33.0,28.0,32.0,38.0,34.0,31.0,31.0,27.0,28.0,29.0,44.0,44.0,27.0,25.0,25.0,33.0,44.0,43.0,43.0,49.0,31.0,17.0,33.0,58,0,0,0,0,1,0,0,58,28,9
33.0,30.0,23.0,37.0,33.0,28.0,32.0,38.0,34.0,31.0,31.0,27.0,28.0,29.0,44.0,44.0,27.0,25.0,25.0,33.0,44.0,43.0,43.0,49.0,31.0,17.0,33.0,58.0,40,1,0,0,0,0,0,0,40,29,9
30.0,23.0,37.0,33.0,28.0,32.0,38.0,34.0,31.0,31.0,27.0,28.0,29.0,44.0,44.0,27.0,25.0,25.0,33.0,44.0,43.0,43.0,49.0,31.0,17.0,33.0,58.0,40.0,34,0,0,1,0,0,0,0,34,30,9
23.0,37.0,33.0,28.0,32.0,38.0,34.0,31.0,31.0,27.0,28.0,29.0,44.0,44.0,27.0,25.0,25.0,33.0,44.0,43.0,43.0,49.0,31.0,17.0,33.0,58.0,40.0,34.0,33,0,0,0,1,0,0,0,33,1,10
37.0,33.0,28.0,32.0,38.0,34.0,31.0,31.0,27.0,28.0,29.0,44.0,44.0,27.0,25.0,25.0,33.0,44.0,43.0,43.0,49.0,31.0,17.0,33.0,58.0,40.0,34.0,33.0,38,0,1,0,0,0,0,0,38,2,10
33.0,28.0,32.0,38.0,34.0,31.0,31.0,27.0,28.0,29.0,44.0,44.0,27.0,25.0,25.0,33.0,44.0,43.0,43.0,49.0,31.0,17.0,33.0,58.0,40.0,34.0,33.0,38.0,41,0,0,0,0,0,1,0,41,3,10
28.0,32.0,38.0,34.0,31.0,31.0,27.0,28.0,29.0,44.0,44.0,27.0,25.0,25.0,33.0,44.0,43.0,43.0,49.0,31.0,17.0,33.0,58.0,40.0,34.0,33.0,38.0,41.0,35,0,0,0,0,0,0,1,35,4,10
32.0,38.0,34.0,31.0,31.0,27.0,28.0,29.0,44.0,44.0,27.0,25.0,25.0,33.0,44.0,43.0,43.0,49.0,31.0,17.0,33.0,58.0,40.0,34.0,33.0,38.0,41.0,35.0,38,0,0,0,0,1,0,0,38,5,10
38.0,34.0,31.0,31.0,27.0,28.0,29.0,44.0,44.0,27.0,25.0,25.0,33.0,44.0,43.0,43.0,49.0,31.0,17.0,33.0,58.0,40.0,34.0,33.0,38.0,41.0,35.0,38.0,32,1,0,0,0,0,0,0,32,6,10
34.0,31.0,31.0,27.0,28.0,29.0,44.0,44.0,27.0,25.0,25.0,33.0,44.0,43.0,43.0,49.0,31.0,17.0,33.0,58.0,40.0,34.0,33.0,38.0,41.0,35.0,38.0,32.0,25,0,0,1,0,0,0,0,25,7,10
31.0,31.0,27.0,28.0,29.0,44.0,44.0,27.0,25.0,25.0,33.0,44.0,43.0,43.0,49.0,31.0,17.0,33.0,58.0,40.0,34.0,33.0,38.0,41.0,35.0,38.0,32.0,25.0,16,0,0,0,1,0,0,0,16,8,10
31.0,27.0,28.0,29.0,44.0,44.0,27.0,25.0,25.0,33.0,44.0,43.0,43.0,49.0,31.0,17.0,33.0,58.0,40.0,34.0,33.0,38.0,41.0,35.0,38.0,32.0,25.0,16.0,17,0,1,0,0,0,0,0,17,9,10
27.0,28.0,29.0,44.0,44.0,27.0,25.0,25.0,33.0,44.0,43.0,43.0,49.0,31.0,17.0,33.0,58.0,40.0,34.0,33.0,38.0,41.0,35.0,38.0,32.0,25.0,16.0,17.0,16,0,0,0,0,0,1,0,16,10,10
28.0,29.0,44.0,44.0,27.0,25.0,25.0,33.0,44.0,43.0,43.0,49.0,31.0,17.0,33.0,58.0,40.0,34.0,33.0,38.0,41.0,35.0,38.0,32.0,25.0,16.0,17.0,16.0,20,0,0,0,0,0,0,1,20,11,10
29.0,44.0,44.0,27.0,25.0,25.0,33.0,44.0,43.0,43.0,49.0,31.0,17.0,33.0,58.0,40.0,34.0,33.0,38.0,41.0,35.0,38.0,32.0,25.0,16.0,17.0,16.0,20.0,28,0,0,0,0,1,0,0,28,12,10
44.0,44.0,27.0,25.0,25.0,33.0,44.0,43.0,43.0,49.0,31.0,17.0,33.0,58.0,40.0,34.0,33.0,38.0,41.0,35.0,38.0,32.0,25.0,16.0,17.0,16.0,20.0,28.0,27,1,0,0,0,0,0,0,27,13,10
44.0,27.0,25.0,25.0,33.0,44.0,43.0,43.0,49.0,31.0,17.0,33.0,58.0,40.0,34.0,33.0,38.0,41.0,35.0,38.0,32.0,25.0,16.0,17.0,16.0,20.0,28.0,27.0,24,0,0,1,0,0,0,0,24,14,10
27.0,25.0,25.0,33.0,44.0,43.0,43.0,49.0,31.0,17.0,33.0,58.0,40.0,34.0,33.0,38.0,41.0,35.0,38.0,32.0,25.0,16.0,17.0,16.0,20.0,28.0,27.0,24.0,27,0,0,0,1,0,0,0,27,15,10
25.0,25.0,33.0,44.0,43.0,43.0,49.0,31.0,17.0,33.0,58.0,40.0,34.0,33.0,38.0,41.0,35.0,38.0,32.0,25.0,16.0,17.0,16.0,20.0,28.0,27.0,24.0,27.0,30,0,1,0,0,0,0,0,30,16,10
25.0,33.0,44.0,43.0,43.0,49.0,31.0,17.0,33.0,58.0,40.0,34.0,33.0,38.0,41.0,35.0,38.0,32.0,25.0,16.0,17.0,16.0,20.0,28.0,27.0,24.0,27.0,30.0,32,0,0,0,0,0,1,0,32,17,10
33.0,44.0,43.0,43.0,49.0,31.0,17.0,33.0,58.0,40.0,34.0,33.0,38.0,41.0,35.0,38.0,32.0,25.0,16.0,17.0,16.0,20.0,28.0,27.0,24.0,27.0,30.0,32.0,34,0,0,0,0,0,0,1,34,18,10
44.0,43.0,43.0,49.0,31.0,17.0,33.0,58.0,40.0,34.0,33.0,38.0,41.0,35.0,38.0,32.0,25.0,16.0,17.0,16.0,20.0,28.0,27.0,24.0,27.0,30.0,32.0,34.0,34,0,0,0,0,1,0,0,34,19,10
43.0,43.0,49.0,31.0,17.0,33.0,58.0,40.0,34.0,33.0,38.0,41.0,35.0,38.0,32.0,25.0,16.0,17.0,16.0,20.0,28.0,27.0,24.0,27.0,30.0,32.0,34.0,34.0,48,1,0,0,0,0,0,0,48,20,10
43.0,49.0,31.0,17.0,33.0,58.0,40.0,34.0,33.0,38.0,41.0,35.0,38.0,32.0,25.0,16.0,17.0,16.0,20.0,28.0,27.0,24.0,27.0,30.0,32.0,34.0,34.0,48.0,61,0,0,1,0,0,0,0,61,21,10
49.0,31.0,17.0,33.0,58.0,40.0,34.0,33.0,38.0,41.0,35.0,38.0,32.0,25.0,16.0,17.0,16.0,20.0,28.0,27.0,24.0,27.0,30.0,32.0,34.0,34.0,48.0,61.0,58,0,0,0,1,0,0,0,58,22,10
31.0,17.0,33.0,58.0,40.0,34.0,33.0,38.0,41.0,35.0,38.0,32.0,25.0,16.0,17.0,16.0,20.0,28.0,27.0,24.0,27.0,30.0,32.0,34.0,34.0,48.0,61.0,58.0,38,0,1,0,0,0,0,0,38,23,10
17.0,33.0,58.0,40.0,34.0,33.0,38.0,41.0,35.0,38.0,32.0,25.0,16.0,17.0,16.0,20.0,28.0,27.0,24.0,27.0,30.0,32.0,34.0,34.0,48.0,61.0,58.0,38.0,34,0,0,0,0,0,1,0,34,24,10
33.0,58.0,40.0,34.0,33.0,38.0,41.0,35.0,38.0,32.0,25.0,16.0,17.0,16.0,20.0,28.0,27.0,24.0,27.0,30.0,32.0,34.0,34.0,48.0,61.0,58.0,38.0,34.0,34,0,0,0,0,0,0,1,34,25,10
58.0,40.0,34.0,33.0,38.0,41.0,35.0,38.0,32.0,25.0,16.0,17.0,16.0,20.0,28.0,27.0,24.0,27.0,30.0,32.0,34.0,34.0,48.0,61.0,58.0,38.0,34.0,34.0,26,0,0,0,0,1,0,0,26,26,10
40.0,34.0,33.0,38.0,41.0,35.0,38.0,32.0,25.0,16.0,17.0,16.0,20.0,28.0,27.0,24.0,27.0,30.0,32.0,34.0,34.0,48.0,61.0,58.0,38.0,34.0,34.0,26.0,40,1,0,0,0,0,0,0,40,27,10
34.0,33.0,38.0,41.0,35.0,38.0,32.0,25.0,16.0,17.0,16.0,20.0,28.0,27.0,24.0,27.0,30.0,32.0,34.0,34.0,48.0,61.0,58.0,38.0,34.0,34.0,26.0,40.0,40,0,0,1,0,0,0,0,40,28,10
33.0,38.0,41.0,35.0,38.0,32.0,25.0,16.0,17.0,16.0,20.0,28.0,27.0,24.0,27.0,30.0,32.0,34.0,34.0,48.0,61.0,58.0,38.0,34.0,34.0,26.0,40.0,40.0,30,0,0,0,1,0,0,0,30,29,10
38.0,41.0,35.0,38.0,32.0,25.0,16.0,17.0,16.0,20.0,28.0,27.0,24.0,27.0,30.0,32.0,34.0,34.0,48.0,61.0,58.0,38.0,34.0,34.0,26.0,40.0,40.0,30.0,29,0,1,0,0,0,0,0,29,30,10
41.0,35.0,38.0,32.0,25.0,16.0,17.0,16.0,20.0,28.0,27.0,24.0,27.0,30.0,32.0,34.0,34.0,48.0,61.0,58.0,38.0,34.0,34.0,26.0,40.0,40.0,30.0,29.0,36,0,0,0,0,0,1,0,36,31,10
35.0,38.0,32.0,25.0,16.0,17.0,16.0,20.0,28.0,27.0,24.0,27.0,30.0,32.0,34.0,34.0,48.0,61.0,58.0,38.0,34.0,34.0,26.0,40.0,40.0,30.0,29.0,36.0,31,0,0,0,0,1,0,0,31,1,3
38.0,32.0,25.0,16.0,17.0,16.0,20.0,28.0,27.0,24.0,27.0,30.0,32.0,34.0,34.0,48.0,61.0,58.0,38.0,34.0,34.0,26.0,40.0,40.0,30.0,29.0,36.0,31.0,44,1,0,0,0,0,0,0,44,2,3
32.0,25.0,16.0,17.0,16.0,20.0,28.0,27.0,24.0,27.0,30.0,32.0,34.0,34.0,48.0,61.0,58.0,38.0,34.0,34.0,26.0,40.0,40.0,30.0,29.0,36.0,31.0,44.0,43,0,0,1,0,0,0,0,43,3,3
25.0,16.0,17.0,16.0,20.0,28.0,27.0,24.0,27.0,30.0,32.0,34.0,34.0,48.0,61.0,58.0,38.0,34.0,34.0,26.0,40.0,40.0,30.0,29.0,36.0,31.0,44.0,43.0,42,0,0,0,1,0,0,0,42,4,3
16.0,17.0,16.0,20.0,28.0,27.0,24.0,27.0,30.0,32.0,34.0,34.0,48.0,61.0,58.0,38.0,34.0,34.0,26.0,40.0,40.0,30.0,29.0,36.0,31.0,44.0,43.0,42.0,40,0,1,0,0,0,0,0,40,5,3
17.0,16.0,20.0,28.0,27.0,24.0,27.0,30.0,32.0,34.0,34.0,48.0,61.0,58.0,38.0,34.0,34.0,26.0,40.0,40.0,30.0,29.0,36.0,31.0,44.0,43.0,42.0,40.0,36,0,0,0,0,0,1,0,36,6,3
16.0,20.0,28.0,27.0,24.0,27.0,30.0,32.0,34.0,34.0,48.0,61.0,58.0,38.0,34.0,34.0,26.0,40.0,40.0,30.0,29.0,36.0,31.0,44.0,43.0,42.0,40.0,36.0,36,0,0,0,0,0,0,1,36,7,3
20.0,28.0,27.0,24.0,27.0,30.0,32.0,34.0,34.0,48.0,61.0,58.0,38.0,34.0,34.0,26.0,40.0,40.0,30.0,29.0,36.0,31.0,44.0,43.0,42.0,40.0,36.0,36.0,40,0,0,0,0,1,0,0,40,8,3
28.0,27.0,24.0,27.0,30.0,32.0,34.0,34.0,48.0,61.0,58.0,38.0,34.0,34.0,26.0,40.0,40.0,30.0,29.0,36.0,31.0,44.0,43.0,42.0,40.0,36.0,36.0,40.0,41,1,0,0,0,0,0,0,41,9,3
27.0,24.0,27.0,30.0,32.0,34.0,34.0,48.0,61.0,58.0,38.0,34.0,34.0,26.0,40.0,40.0,30.0,29.0,36.0,31.0,44.0,43.0,42.0,40.0,36.0,36.0,40.0,41.0,31,0,0,1,0,0,0,0,31,10,3
24.0,27.0,30.0,32.0,34.0,34.0,48.0,61.0,58.0,38.0,34.0,34.0,26.0,40.0,40.0,30.0,29.0,36.0,31.0,44.0,43.0,42.0,40.0,36.0,36.0,40.0,41.0,31.0,36,0,0,0,1,0,0,0,36,11,3
27.0,30.0,32.0,34.0,34.0,48.0,61.0,58.0,38.0,34.0,34.0,26.0,40.0,40.0,30.0,29.0,36.0,31.0,44.0,43.0,42.0,40.0,36.0,36.0,40.0,41.0,31.0,36.0,37,0,1,0,0,0,0,0,37,12,3
30.0,32.0,34.0,34.0,48.0,61.0,58.0,38.0,34.0,34.0,26.0,40.0,40.0,30.0,29.0,36.0,31.0,44.0,43.0,42.0,40.0,36.0,36.0,40.0,41.0,31.0,36.0,37.0,44,0,0,0,0,0,1,0,44,13,3
32.0,34.0,34.0,48.0,61.0,58.0,38.0,34.0,34.0,26.0,40.0,40.0,30.0,29.0,36.0,31.0,44.0,43.0,42.0,40.0,36.0,36.0,40.0,41.0,31.0,36.0,37.0,44.0,41,0,0,0,0,0,0,1,41,14,3
34.0,34.0,48.0,61.0,58.0,38.0,34.0,34.0,26.0,40.0,40.0,30.0,29.0,36.0,31.0,44.0,43.0,42.0,40.0,36.0,36.0,40.0,41.0,31.0,36.0,37.0,44.0,41.0,48,0,0,0,0,1,0,0,48,15,3
34.0,48.0,61.0,58.0,38.0,34.0,34.0,26.0,40.0,40.0,30.0,29.0,36.0,31.0,44.0,43.0,42.0,40.0,36.0,36.0,40.0,41.0,31.0,36.0,37.0,44.0,41.0,48.0,47,1,0,0,0,0,0,0,47,16,3
48.0,61.0,58.0,38.0,34.0,34.0,26.0,40.0,40.0,30.0,29.0,36.0,31.0,44.0,43.0,42.0,40.0,36.0,36.0,40.0,41.0,31.0,36.0,37.0,44.0,41.0,48.0,47.0,41,0,0,1,0,0,0,0,41,17,3
61.0,58.0,38.0,34.0,34.0,26.0,40.0,40.0,30.0,29.0,36.0,31.0,44.0,43.0,42.0,40.0,36.0,36.0,40.0,41.0,31.0,36.0,37.0,44.0,41.0,48.0,47.0,41.0,44,0,0,0,1,0,0,0,44,18,3
58.0,38.0,34.0,34.0,26.0,40.0,40.0,30.0,29.0,36.0,31.0,44.0,43.0,42.0,40.0,36.0,36.0,40.0,41.0,31.0,36.0,37.0,44.0,41.0,48.0,47.0,41.0,44.0,42,0,1,0,0,0,0,0,42,19,3
38.0,34.0,34.0,26.0,40.0,40.0,30.0,29.0,36.0,31.0,44.0,43.0,42.0,40.0,36.0,36.0,40.0,41.0,31.0,36.0,37.0,44.0,41.0,48.0,47.0,41.0,44.0,42.0,42,0,0,0,0,0,1,0,42,20,3
34.0,34.0,26.0,40.0,40.0,30.0,29.0,36.0,31.0,44.0,43.0,42.0,40.0,36.0,36.0,40.0,41.0,31.0,36.0,37.0,44.0,41.0,48.0,47.0,41.0,44.0,42.0,42.0,39,0,0,0,0,0,0,1,39,21,3
34.0,26.0,40.0,40.0,30.0,29.0,36.0,31.0,44.0,43.0,42.0,40.0,36.0,36.0,40.0,41.0,31.0,36.0,37.0,44.0,41.0,48.0,47.0,41.0,44.0,42.0,42.0,39.0,43,0,0,0,0,1,0,0,43,22,3
26.0,40.0,40.0,30.0,29.0,36.0,31.0,44.0,43.0,42.0,40.0,36.0,36.0,40.0,41.0,31.0,36.0,37.0,44.0,41.0,48.0,47.0,41.0,44.0,42.0,42.0,39.0,43.0,45,1,0,0,0,0,0,0,45,23,3
40.0,40.0,30.0,29.0,36.0,31.0,44.0,43.0,42.0,40.0,36.0,36.0,40.0,41.0,31.0,36.0,37.0,44.0,41.0,48.0,47.0,41.0,44.0,42.0,42.0,39.0,43.0,45.0,42,0,0,1,0,0,0,0,42,24,3
40.0,30.0,29.0,36.0,31.0,44.0,43.0,42.0,40.0,36.0,36.0,40.0,41.0,31.0,36.0,37.0,44.0,41.0,48.0,47.0,41.0,44.0,42.0,42.0,39.0,43.0,45.0,42.0,48,0,0,0,1,0,0,0,48,25,3
30.0,29.0,36.0,31.0,44.0,43.0,42.0,40.0,36.0,36.0,40.0,41.0,31.0,36.0,37.0,44.0,41.0,48.0,47.0,41.0,44.0,42.0,42.0,39.0,43.0,45.0,42.0,48.0,41,0,1,0,0,0,0,0,41,26,3
29.0,36.0,31.0,44.0,43.0,42.0,40.0,36.0,36.0,40.0,41.0,31.0,36.0,37.0,44.0,41.0,48.0,47.0,41.0,44.0,42.0,42.0,39.0,43.0,45.0,42.0,48.0,41.0,39,0,0,0,0,0,1,0,39,27,3
36.0,31.0,44.0,43.0,42.0,40.0,36.0,36.0,40.0,41.0,31.0,36.0,37.0,44.0,41.0,48.0,47.0,41.0,44.0,42.0,42.0,39.0,43.0,45.0,42.0,48.0,41.0,39.0,39,0,0,0,0,0,0,1,39,28,3
31.0,44.0,43.0,42.0,40.0,36.0,36.0,40.0,41.0,31.0,36.0,37.0,44.0,41.0,48.0,47.0,41.0,44.0,42.0,42.0,39.0,43.0,45.0,42.0,48.0,41.0,39.0,39.0,44,0,0,0,0,1,0,0,44,29,3
44.0,43.0,42.0,40.0,36.0,36.0,40.0,41.0,31.0,36.0,37.0,44.0,41.0,48.0,47.0,41.0,44.0,42.0,42.0,39.0,43.0,45.0,42.0,48.0,41.0,39.0,39.0,44.0,38,1,0,0,0,0,0,0,38,30,3
43.0,42.0,40.0,36.0,36.0,40.0,41.0,31.0,36.0,37.0,44.0,41.0,48.0,47.0,41.0,44.0,42.0,42.0,39.0,43.0,45.0,42.0,48.0,41.0,39.0,39.0,44.0,38.0,43,0,0,1,0,0,0,0,43,31,3
42.0,40.0,36.0,36.0,40.0,41.0,31.0,36.0,37.0,44.0,41.0,48.0,47.0,41.0,44.0,42.0,42.0,39.0,43.0,45.0,42.0,48.0,41.0,39.0,39.0,44.0,38.0,43.0,45,0,0,0,1,0,0,0,45,1,4
40.0,36.0,36.0,40.0,41.0,31.0,36.0,37.0,44.0,41.0,48.0,47.0,41.0,44.0,42.0,42.0,39.0,43.0,45.0,42.0,48.0,41.0,39.0,39.0,44.0,38.0,43.0,45.0,40,0,1,0,0,0,0,0,40,2,4
36.0,36.0,40.0,41.0,31.0,36.0,37.0,44.0,41.0,48.0,47.0,41.0,44.0,42.0,42.0,39.0,43.0,45.0,42.0,48.0,41.0,39.0,39.0,44.0,38.0,43.0,45.0,40.0,37,0,0,0,0,0,1,0,37,3,4
36.0,40.0,41.0,31.0,36.0,37.0,44.0,41.0,48.0,47.0,41.0,44.0,42.0,42.0,39.0,43.0,45.0,42.0,48.0,41.0,39.0,39.0,44.0,38.0,43.0,45.0,40.0,37.0,44,0,0,0,0,0,0,1,44,4,4
40.0,41.0,31.0,36.0,37.0,44.0,41.0,48.0,47.0,41.0,44.0,42.0,42.0,39.0,43.0,45.0,42.0,48.0,41.0,39.0,39.0,44.0,38.0,43.0,45.0,40.0,37.0,44.0,45,0,0,0,0,1,0,0,45,5,4
41.0,31.0,36.0,37.0,44.0,41.0,48.0,47.0,41.0,44.0,42.0,42.0,39.0,43.0,45.0,42.0,48.0,41.0,39.0,39.0,44.0,38.0,43.0,45.0,40.0,37.0,44.0,45.0,61,1,0,0,0,0,0,0,61,6,4
31.0,36.0,37.0,44.0,41.0,48.0,47.0,41.0,44.0,42.0,42.0,39.0,43.0,45.0,42.0,48.0,41.0,39.0,39.0,44.0,38.0,43.0,45.0,40.0,37.0,44.0,45.0,61.0,44,0,0,1,0,0,0,0,44,7,4
36.0,37.0,44.0,41.0,48.0,47.0,41.0,44.0,42.0,42.0,39.0,43.0,45.0,42.0,48.0,41.0,39.0,39.0,44.0,38.0,43.0,45.0,40.0,37.0,44.0,45.0,61.0,44.0,44,0,0,0,1,0,0,0,44,8,4
37.0,44.0,41.0,48.0,47.0,41.0,44.0,42.0,42.0,39.0,43.0,45.0,42.0,48.0,41.0,39.0,39.0,44.0,38.0,43.0,45.0,40.0,37.0,44.0,45.0,61.0,44.0,44.0,44,0,1,0,0,0,0,0,44,9,4
44.0,41.0,48.0,47.0,41.0,44.0,42.0,42.0,39.0,43.0,45.0,42.0,48.0,41.0,39.0,39.0,44.0,38.0,43.0,45.0,40.0,37.0,44.0,45.0,61.0,44.0,44.0,44.0,44,0,0,0,0,0,1,0,44,10,4
41.0,48.0,47.0,41.0,44.0,42.0,42.0,39.0,43.0,45.0,42.0,48.0,41.0,39.0,39.0,44.0,38.0,43.0,45.0,40.0,37.0,44.0,45.0,61.0,44.0,44.0,44.0,44.0,50,0,0,0,0,0,0,1,50,11,4
48.0,47.0,41.0,44.0,42.0,42.0,39.0,43.0,45.0,42.0,48.0,41.0,39.0,39.0,44.0,38.0,43.0,45.0,40.0,37.0,44.0,45.0,61.0,44.0,44.0,44.0,44.0,50.0,51,0,0,0,0,1,0,0,51,12,4
47.0,41.0,44.0,42.0,42.0,39.0,43.0,45.0,42.0,48.0,41.0,39.0,39.0,44.0,38.0,43.0,45.0,40.0,37.0,44.0,45.0,61.0,44.0,44.0,44.0,44.0,50.0,51.0,51,1,0,0,0,0,0,0,51,13,4
41.0,44.0,42.0,42.0,39.0,43.0,45.0,42.0,48.0,41.0,39.0,39.0,44.0,38.0,43.0,45.0,40.0,37.0,44.0,45.0,61.0,44.0,44.0,44.0,44.0,50.0,51.0,51.0,44,0,0,1,0,0,0,0,44,14,4
44.0,42.0,42.0,39.0,43.0,45.0,42.0,48.0,41.0,39.0,39.0,44.0,38.0,43.0,45.0,40.0,37.0,44.0,45.0,61.0,44.0,44.0,44.0,44.0,50.0,51.0,51.0,44.0,32,0,0,0,1,0,0,0,32,15,4
42.0,42.0,39.0,43.0,45.0,42.0,48.0,41.0,39.0,39.0,44.0,38.0,43.0,45.0,40.0,37.0,44.0,45.0,61.0,44.0,44.0,44.0,44.0,50.0,51.0,51.0,44.0,32.0,37,0,1,0,0,0,0,0,37,16,4
42.0,39.0,43.0,45.0,42.0,48.0,41.0,39.0,39.0,44.0,38.0,43.0,45.0,40.0,37.0,44.0,45.0,61.0,44.0,44.0,44.0,44.0,50.0,51.0,51.0,44.0,32.0,37.0,41,0,0,0,0,0,1,0,41,17,4
39.0,43.0,45.0,42.0,48.0,41.0,39.0,39.0,44.0,38.0,43.0,45.0,40.0,37.0,44.0,45.0,61.0,44.0,44.0,44.0,44.0,50.0,51.0,51.0,44.0,32.0,37.0,41.0,46,0,0,0,0,0,0,1,46,18,4
43.0,45.0,42.0,48.0,41.0,39.0,39.0,44.0,38.0,43.0,45.0,40.0,37.0,44.0,45.0,61.0,44.0,44.0,44.0,44.0,50.0,51.0,51.0,44.0,32.0,37.0,41.0,46.0,46,0,0,0,0,1,0,0,46,19,4
45.0,42.0,48.0,41.0,39.0,39.0,44.0,38.0,43.0,45.0,40.0,37.0,44.0,45.0,61.0,44.0,44.0,44.0,44.0,50.0,51.0,51.0,44.0,32.0,37.0,41.0,46.0,46.0,54,1,0,0,0,0,0,0,54,20,4
42.0,48.0,41.0,39.0,39.0,44.0,38.0,43.0,45.0,40.0,37.0,44.0,45.0,61.0,44.0,44.0,44.0,44.0,50.0,51.0,51.0,44.0,32.0,37.0,41.0,46.0,46.0,54.0,49,0,0,1,0,0,0,0,49,21,4
48.0,41.0,39.0,39.0,44.0,38.0,43.0,45.0,40.0,37.0,44.0,45.0,61.0,44.0,44.0,44.0,44.0,50.0,51.0,51.0,44.0,32.0,37.0,41.0,46.0,46.0,54.0,49.0,54,0,0,0,1,0,0,0,54,22,4
41.0,39.0,39.0,44.0,38.0,43.0,45.0,40.0,37.0,44.0,45.0,61.0,44.0,44.0,44.0,44.0,50.0,51.0,51.0,44.0,32.0,37.0,41.0,46.0,46.0,54.0,49.0,54.0,51,0,1,0,0,0,0,0,51,23,4
39.0,39.0,44.0,38.0,43.0,45.0,40.0,37.0,44.0,45.0,61.0,44.0,44.0,44.0,44.0,50.0,51.0,51.0,44.0,32.0,37.0,41.0,46.0,46.0,54.0,49.0,54.0,51.0,44,0,0,0,0,0,1,0,44,24,4
39.0,44.0,38.0,43.0,45.0,40.0,37.0,44.0,45.0,61.0,44.0,44.0,44.0,44.0,50.0,51.0,51.0,44.0,32.0,37.0,41.0,46.0,46.0,54.0,49.0,54.0,51.0,44.0,35,0,0,0,0,0,0,1,35,25,4
44.0,38.0,43.0,45.0,40.0,37.0,44.0,45.0,61.0,44.0,44.0,44.0,44.0,50.0,51.0,51.0,44.0,32.0,37.0,41.0,46.0,46.0,54.0,49.0,54.0,51.0,44.0,35.0,42,0,0,0,0,1,0,0,42,26,4
38.0,43.0,45.0,40.0,37.0,44.0,45.0,61.0,44.0,44.0,44.0,44.0,50.0,51.0,51.0,44.0,32.0,37.0,41.0,46.0,46.0,54.0,49.0,54.0,51.0,44.0,35.0,42.0,46,1,0,0,0,0,0,0,46,27,4
43.0,45.0,40.0,37.0,44.0,45.0,61.0,44.0,44.0,44.0,44.0,50.0,51.0,51.0,44.0,32.0,37.0,41.0,46.0,46.0,54.0,49.0,54.0,51.0,44.0,35.0,42.0,46.0,51,0,0,1,0,0,0,0,51,28,4
45.0,40.0,37.0,44.0,45.0,61.0,44.0,44.0,44.0,44.0,50.0,51.0,51.0,44.0,32.0,37.0,41.0,46.0,46.0,54.0,49.0,54.0,51.0,44.0,35.0,42.0,46.0,51.0,44,0,0,0,1,0,0,0,44,29,4
40.0,37.0,44.0,45.0,61.0,44.0,44.0,44.0,44.0,50.0,51.0,51.0,44.0,32.0,37.0,41.0,46.0,46.0,54.0,49.0,54.0,51.0,44.0,35.0,42.0,46.0,51.0,44.0,49,0,1,0,0,0,0,0,49,30,4
37.0,44.0,45.0,61.0,44.0,44.0,44.0,44.0,50.0,51.0,51.0,44.0,32.0,37.0,41.0,46.0,46.0,54.0,49.0,54.0,51.0,44.0,35.0,42.0,46.0,51.0,44.0,49.0,64,0,0,0,0,0,1,0,64,1,5
44.0,45.0,61.0,44.0,44.0,44.0,44.0,50.0,51.0,51.0,44.0,32.0,37.0,41.0,46.0,46.0,54.0,49.0,54.0,51.0,44.0,35.0,42.0,46.0,51.0,44.0,49.0,64.0,77,0,0,0,0,0,0,1,77,2,5
45.0,61.0,44.0,44.0,44.0,44.0,50.0,51.0,51.0,44.0,32.0,37.0,41.0,46.0,46.0,54.0,49.0,54.0,51.0,44.0,35.0,42.0,46.0,51.0,44.0,49.0,64.0,77.0,58,0,0,0,0,1,0,0,58,3,5
61.0,44.0,44.0,44.0,44.0,50.0,51.0,51.0,44.0,32.0,37.0,41.0,46.0,46.0,54.0,49.0,54.0,51.0,44.0,35.0,42.0,46.0,51.0,44.0,49.0,64.0,77.0,58.0,50,1,0,0,0,0,0,0,50,4,5
44.0,44.0,44.0,44.0,50.0,51.0,51.0,44.0,32.0,37.0,41.0,46.0,46.0,54.0,49.0,54.0,51.0,44.0,35.0,42.0,46.0,51.0,44.0,49.0,64.0,77.0,58.0,50.0,47,0,0,1,0,0,0,0,47,5,5
44.0,44.0,44.0,50.0,51.0,51.0,44.0,32.0,37.0,41.0,46.0,46.0,54.0,49.0,54.0,51.0,44.0,35.0,42.0,46.0,51.0,44.0,49.0,64.0,77.0,58.0,50.0,47.0,28,0,0,0,1,0,0,0,28,6,5
44.0,44.0,50.0,51.0,51.0,44.0,32.0,37.0,41.0,46.0,46.0,54.0,49.0,54.0,51.0,44.0,35.0,42.0,46.0,51.0,44.0,49.0,64.0,77.0,58.0,50.0,47.0,28.0,44,0,1,0,0,0,0,0,44,7,5
44.0,50.0,51.0,51.0,44.0,32.0,37.0,41.0,46.0,46.0,54.0,49.0,54.0,51.0,44.0,35.0,42.0,46.0,51.0,44.0,49.0,64.0,77.0,58.0,50.0,47.0,28.0,44.0,44,0,0,0,0,0,1,0,44,8,5
50.0,51.0,51.0,44.0,32.0,37.0,41.0,46.0,46.0,54.0,49.0,54.0,51.0,44.0,35.0,42.0,46.0,51.0,44.0,49.0,64.0,77.0,58.0,50.0,47.0,28.0,44.0,44.0,33,0,0,0,0,0,0,1,33,9,5
51.0,51.0,44.0,32.0,37.0,41.0,46.0,46.0,54.0,49.0,54.0,51.0,44.0,35.0,42.0,46.0,51.0,44.0,49.0,64.0,77.0,58.0,50.0,47.0,28.0,44.0,44.0,33.0,48,0,0,0,0,1,0,0,48,10,5
51.0,44.0,32.0,37.0,41.0,46.0,46.0,54.0,49.0,54.0,51.0,44.0,35.0,42.0,46.0,51.0,44.0,49.0,64.0,77.0,58.0,50.0,47.0,28.0,44.0,44.0,33.0,48.0,51,1,0,0,0,0,0,0,51,11,5
44.0,32.0,37.0,41.0,46.0,46.0,54.0,49.0,54.0,51.0,44.0,35.0,42.0,46.0,51.0,44.0,49.0,64.0,77.0,58.0,50.0,47.0,28.0,44.0,44.0,33.0,48.0,51.0,58,0,0,1,0,0,0,0,58,12,5
32.0,37.0,41.0,46.0,46.0,54.0,49.0,54.0,51.0,44.0,35.0,42.0,46.0,51.0,44.0,49.0,64.0,77.0,58.0,50.0,47.0,28.0,44.0,44.0,33.0,48.0,51.0,58.0,50,0,0,0,1,0,0,0,50,13,5
37.0,41.0,46.0,46.0,54.0,49.0,54.0,51.0,44.0,35.0,42.0,46.0,51.0,44.0,49.0,64.0,77.0,58.0,50.0,47.0,28.0,44.0,44.0,33.0,48.0,51.0,58.0,50.0,47,0,1,0,0,0,0,0,47,14,5
41.0,46.0,46.0,54.0,49.0,54.0,51.0,44.0,35.0,42.0,46.0,51.0,44.0,49.0,64.0,77.0,58.0,50.0,47.0,28.0,44.0,44.0,33.0,48.0,51.0,58.0,50.0,47.0,25,0,0,0,0,0,1,0,25,15,5
46.0,46.0,54.0,49.0,54.0,51.0,44.0,35.0,42.0,46.0,51.0,44.0,49.0,64.0,77.0,58.0,50.0,47.0,28.0,44.0,44.0,33.0,48.0,51.0,58.0,50.0,47.0,25.0,19,0,0,0,0,0,0,1,19,16,5
46.0,54.0,49.0,54.0,51.0,44.0,35.0,42.0,46.0,51.0,44.0,49.0,64.0,77.0,58.0,50.0,47.0,28.0,44.0,44.0,33.0,48.0,51.0,58.0,50.0,47.0,25.0,19.0,24,0,0,0,0,1,0,0,24,17,5
54.0,49.0,54.0,51.0,44.0,35.0,42.0,46.0,51.0,44.0,49.0,64.0,77.0,58.0,50.0,47.0,28.0,44.0,44.0,33.0,48.0,51.0,58.0,50.0,47.0,25.0,19.0,24.0,19,1,0,0,0,0,0,0,19,18,5
49.0,54.0,51.0,44.0,35.0,42.0,46.0,51.0,44.0,49.0,64.0,77.0,58.0,50.0,47.0,28.0,44.0,44.0,33.0,48.0,51.0,58.0,50.0,47.0,25.0,19.0,24.0,19.0,16,0,0,1,0,0,0,0,16,19,5
54.0,51.0,44.0,35.0,42.0,46.0,51.0,44.0,49.0,64.0,77.0,58.0,50.0,47.0,28.0,44.0,44.0,33.0,48.0,51.0,58.0,50.0,47.0,25.0,19.0,24.0,19.0,16.0,25,0,0,0,1,0,0,0,25,20,5
51.0,44.0,35.0,42.0,46.0,51.0,44.0,49.0,64.0,77.0,58.0,50.0,47.0,28.0,44.0,44.0,33.0,48.0,51.0,58.0,50.0,47.0,25.0,19.0,24.0,19.0,16.0,25.0,32,0,1,0,0,0,0,0,32,21,5
44.0,35.0,42.0,46.0,51.0,44.0,49.0,64.0,77.0,58.0,50.0,47.0,28.0,44.0,44.0,33.0,48.0,51.0,58.0,50.0,47.0,25.0,19.0,24.0,19.0,16.0,25.0,32.0,31,0,0,0,0,0,1,0,31,22,5
35.0,42.0,46.0,51.0,44.0,49.0,64.0,77.0,58.0,50.0,47.0,28.0,44.0,44.0,33.0,48.0,51.0,58.0,50.0,47.0,25.0,19.0,24.0,19.0,16.0,25.0,32.0,31.0,44,0,0,0,0,0,0,1,44,23,5
42.0,46.0,51.0,44.0,49.0,64.0,77.0,58.0,50.0,47.0,28.0,44.0,44.0,33.0,48.0,51.0,58.0,50.0,47.0,25.0,19.0,24.0,19.0,16.0,25.0,32.0,31.0,44.0,58,0,0,0,0,1,0,0,58,24,5
46.0,51.0,44.0,49.0,64.0,77.0,58.0,50.0,47.0,28.0,44.0,44.0,33.0,48.0,51.0,58.0,50.0,47.0,25.0,19.0,24.0,19.0,16.0,25.0,32.0,31.0,44.0,58.0,44,1,0,0,0,0,0,0,44,25,5
51.0,44.0,49.0,64.0,77.0,58.0,50.0,47.0,28.0,44.0,44.0,33.0,48.0,51.0,58.0,50.0,47.0,25.0,19.0,24.0,19.0,16.0,25.0,32.0,31.0,44.0,58.0,44.0,22,0,0,1,0,0,0,0,22,26,5
44.0,49.0,64.0,77.0,58.0,50.0,47.0,28.0,44.0,44.0,33.0,48.0,51.0,58.0,50.0,47.0,25.0,19.0,24.0,19.0,16.0,25.0,32.0,31.0,44.0,58.0,44.0,22.0,20,0,0,0,1,0,0,0,20,27,5
49.0,64.0,77.0,58.0,50.0,47.0,28.0,44.0,44.0,33.0,48.0,51.0,58.0,50.0,47.0,25.0,19.0,24.0,19.0,16.0,25.0,32.0,31.0,44.0,58.0,44.0,22.0,20.0,22,0,1,0,0,0,0,0,22,28,5
64.0,77.0,58.0,50.0,47.0,28.0,44.0,44.0,33.0,48.0,51.0,58.0,50.0,47.0,25.0,19.0,24.0,19.0,16.0,25.0,32.0,31.0,44.0,58.0,44.0,22.0,20.0,22.0,20,0,0,0,0,0,1,0,20,29,5
77.0,58.0,50.0,47.0,28.0,44.0,44.0,33.0,48.0,51.0,58.0,50.0,47.0,25.0,19.0,24.0,19.0,16.0,25.0,32.0,31.0,44.0,58.0,44.0,22.0,20.0,22.0,20.0,19,0,0,0,0,0,0,1,19,30,5
58.0,50.0,47.0,28.0,44.0,44.0,33.0,48.0,51.0,58.0,50.0,47.0,25.0,19.0,24.0,19.0,16.0,25.0,32.0,31.0,44.0,58.0,44.0,22.0,20.0,22.0,20.0,19.0,16,0,0,0,0,1,0,0,16,31,5
50.0,47.0,28.0,44.0,44.0,33.0,48.0,51.0,58.0,50.0,47.0,25.0,19.0,24.0,19.0,16.0,25.0,32.0,31.0,44.0,58.0,44.0,22.0,20.0,22.0,20.0,19.0,16.0,44,1,0,0,0,0,0,0,44,1,6
47.0,28.0,44.0,44.0,33.0,48.0,51.0,58.0,50.0,47.0,25.0,19.0,24.0,19.0,16.0,25.0,32.0,31.0,44.0,58.0,44.0,22.0,20.0,22.0,20.0,19.0,16.0,44.0,40,0,0,1,0,0,0,0,40,2,6
28.0,44.0,44.0,33.0,48.0,51.0,58.0,50.0,47.0,25.0,19.0,24.0,19.0,16.0,25.0,32.0,31.0,44.0,58.0,44.0,22.0,20.0,22.0,20.0,19.0,16.0,44.0,40.0,34,0,0,0,1,0,0,0,34,3,6
44.0,44.0,33.0,48.0,51.0,58.0,50.0,47.0,25.0,19.0,24.0,19.0,16.0,25.0,32.0,31.0,44.0,58.0,44.0,22.0,20.0,22.0,20.0,19.0,16.0,44.0,40.0,34.0,44,0,1,0,0,0,0,0,44,4,6
44.0,33.0,48.0,51.0,58.0,50.0,47.0,25.0,19.0,24.0,19.0,16.0,25.0,32.0,31.0,44.0,58.0,44.0,22.0,20.0,22.0,20.0,19.0,16.0,44.0,40.0,34.0,44.0,47,0,0,0,0,0,1,0,47,5,6
33.0,48.0,51.0,58.0,50.0,47.0,25.0,19.0,24.0,19.0,16.0,25.0,32.0,31.0,44.0,58.0,44.0,22.0,20.0,22.0,20.0,19.0,16.0,44.0,40.0,34.0,44.0,47.0,54,0,0,0,0,0,0,1,54,6,6
48.0,51.0,58.0,50.0,47.0,25.0,19.0,24.0,19.0,16.0,25.0,32.0,31.0,44.0,58.0,44.0,22.0,20.0,22.0,20.0,19.0,16.0,44.0,40.0,34.0,44.0,47.0,54.0,42,0,0,0,0,1,0,0,42,7,6
51.0,58.0,50.0,47.0,25.0,19.0,24.0,19.0,16.0,25.0,32.0,31.0,44.0,58.0,44.0,22.0,20.0,22.0,20.0,19.0,16.0,44.0,40.0,34.0,44.0,47.0,54.0,42.0,51,1,0,0,0,0,0,0,51,8,6
58.0,50.0,47.0,25.0,19.0,24.0,19.0,16.0,25.0,32.0,31.0,44.0,58.0,44.0,22.0,20.0,22.0,20.0,19.0,16.0,44.0,40.0,34.0,44.0,47.0,54.0,42.0,51.0,44,0,0,1,0,0,0,0,44,9,6
50.0,47.0,25.0,19.0,24.0,19.0,16.0,25.0,32.0,31.0,44.0,58.0,44.0,22.0,20.0,22.0,20.0,19.0,16.0,44.0,40.0,34.0,44.0,47.0,54.0,42.0,51.0,44.0,48,0,0,0,1,0,0,0,48,10,6
47.0,25.0,19.0,24.0,19.0,16.0,25.0,32.0,31.0,44.0,58.0,44.0,22.0,20.0,22.0,20.0,19.0,16.0,44.0,40.0,34.0,44.0,47.0,54.0,42.0,51.0,44.0,48.0,43,0,1,0,0,0,0,0,43,11,6
25.0,19.0,24.0,19.0,16.0,25.0,32.0,31.0,44.0,58.0,44.0,22.0,20.0,22.0,20.0,19.0,16.0,44.0,40.0,34.0,44.0,47.0,54.0,42.0,51.0,44.0,48.0,43.0,37,0,0,0,0,0,1,0,37,12,6
19.0,24.0,19.0,16.0,25.0,32.0,31.0,44.0,58.0,44.0,22.0,20.0,22.0,20.0,19.0,16.0,44.0,40.0,34.0,44.0,47.0,54.0,42.0,51.0,44.0,48.0,43.0,37.0,38,0,0,0,0,0,0,1,38,13,6
24.0,19.0,16.0,25.0,32.0,31.0,44.0,58.0,44.0,22.0,20.0,22.0,20.0,19.0,16.0,44.0,40.0,34.0,44.0,47.0,54.0,42.0,51.0,44.0,48.0,43.0,37.0,38.0,50,0,0,0,0,1,0,0,50,14,6
19.0,16.0,25.0,32.0,31.0,44.0,58.0,44.0,22.0,20.0,22.0,20.0,19.0,16.0,44.0,40.0,34.0,44.0,47.0,54.0,42.0,51.0,44.0,48.0,43.0,37.0,38.0,50.0,49,1,0,0,0,0,0,0,49,15,6
16.0,25.0,32.0,31.0,44.0,58.0,44.0,22.0,20.0,22.0,20.0,19.0,16.0,44.0,40.0,34.0,44.0,47.0,54.0,42.0,51.0,44.0,48.0,43.0,37.0,38.0,50.0,49.0,77,0,0,1,0,0,0,0,77,16,6
25.0,32.0,31.0,44.0,58.0,44.0,22.0,20.0,22.0,20.0,19.0,16.0,44.0,40.0,34.0,44.0,47.0,54.0,42.0,51.0,44.0,48.0,43.0,37.0,38.0,50.0,49.0,77.0,49,0,0,0,1,0,0,0,49,17,6
32.0,31.0,44.0,58.0,44.0,22.0,20.0,22.0,20.0,19.0,16.0,44.0,40.0,34.0,44.0,47.0,54.0,42.0,51.0,44.0,48.0,43.0,37.0,38.0,50.0,49.0,77.0,49.0,48,0,1,0,0,0,0,0,48,18,6
31.0,44.0,58.0,44.0,22.0,20.0,22.0,20.0,19.0,16.0,44.0,40.0,34.0,44.0,47.0,54.0,42.0,51.0,44.0,48.0,43.0,37.0,38.0,50.0,49.0,77.0,49.0,48.0,58,0,0,0,0,0,1,0,58,19,6
44.0,58.0,44.0,22.0,20.0,22.0,20.0,19.0,16.0,44.0,40.0,34.0,44.0,47.0,54.0,42.0,51.0,44.0,48.0,43.0,37.0,38.0,50.0,49.0,77.0,49.0,48.0,58.0,50,0,0,0,0,0,0,1,50,20,6
58.0,44.0,22.0,20.0,22.0,20.0,19.0,16.0,44.0,40.0,34.0,44.0,47.0,54.0,42.0,51.0,44.0,48.0,43.0,37.0,38.0,50.0,49.0,77.0,49.0,48.0,58.0,50.0,41,0,0,0,0,1,0,0,41,21,6
44.0,22.0,20.0,22.0,20.0,19.0,16.0,44.0,40.0,34.0,44.0,47.0,54.0,42.0,51.0,44.0,48.0,43.0,37.0,38.0,50.0,49.0,77.0,49.0,48.0,58.0,50.0,41.0,34,1,0,0,0,0,0,0,34,22,6
22.0,20.0,22.0,20.0,19.0,16.0,44.0,40.0,34.0,44.0,47.0,54.0,42.0,51.0,44.0,48.0,43.0,37.0,38.0,50.0,49.0,77.0,49.0,48.0,58.0,50.0,41.0,34.0,35,0,0,1,0,0,0,0,35,23,6
20.0,22.0,20.0,19.0,16.0,44.0,40.0,34.0,44.0,47.0,54.0,42.0,51.0,44.0,48.0,43.0,37.0,38.0,50.0,49.0,77.0,49.0,48.0,58.0,50.0,41.0,34.0,35.0,40,0,0,0,1,0,0,0,40,24,6
22.0,20.0,19.0,16.0,44.0,40.0,34.0,44.0,47.0,54.0,42.0,51.0,44.0,48.0,43.0,37.0,38.0,50.0,49.0,77.0,49.0,48.0,58.0,50.0,41.0,34.0,35.0,40.0,41,0,1,0,0,0,0,0,41,25,6
20.0,19.0,16.0,44.0,40.0,34.0,44.0,47.0,54.0,42.0,51.0,44.0,48.0,43.0,37.0,38.0,50.0,49.0,77.0,49.0,48.0,58.0,50.0,41.0,34.0,35.0,40.0,41.0,44,0,0,0,0,0,1,0,44,26,6
19.0,16.0,44.0,40.0,34.0,44.0,47.0,54.0,42.0,51.0,44.0,48.0,43.0,37.0,38.0,50.0,49.0,77.0,49.0,48.0,58.0,50.0,41.0,34.0,35.0,40.0,41.0,44.0,31,0,0,0,0,0,0,1,31,27,6
16.0,44.0,40.0,34.0,44.0,47.0,54.0,42.0,51.0,44.0,48.0,43.0,37.0,38.0,50.0,49.0,77.0,49.0,48.0,58.0,50.0,41.0,34.0,35.0,40.0,41.0,44.0,31.0,40,0,0,0,0,1,0,0,40,28,6
44.0,40.0,34.0,44.0,47.0,54.0,42.0,51.0,44.0,48.0,43.0,37.0,38.0,50.0,49.0,77.0,49.0,48.0,58.0,50.0,41.0,34.0,35.0,40.0,41.0,44.0,31.0,40.0,50,1,0,0,0,0,0,0,50,29,6
40.0,34.0,44.0,47.0,54.0,42.0,51.0,44.0,48.0,43.0,37.0,38.0,50.0,49.0,77.0,49.0,48.0,58.0,50.0,41.0,34.0,35.0,40.0,41.0,44.0,31.0,40.0,50.0,80,0,0,1,0,0,0,0,80,30,6
34.0,44.0,47.0,54.0,42.0,51.0,44.0,48.0,43.0,37.0,38.0,50.0,49.0,77.0,49.0,48.0,58.0,50.0,41.0,34.0,35.0,40.0,41.0,44.0,31.0,40.0,50.0,80.0,41,0,0,0,1,0,0,0,41,1,7
44.0,47.0,54.0,42.0,51.0,44.0,48.0,43.0,37.0,38.0,50.0,49.0,77.0,49.0,48.0,58.0,50.0,41.0,34.0,35.0,40.0,41.0,44.0,31.0,40.0,50.0,80.0,41.0,49,0,1,0,0,0,0,0,49,2,7
47.0,54.0,42.0,51.0,44.0,48.0,43.0,37.0,38.0,50.0,49.0,77.0,49.0,48.0,58.0,50.0,41.0,34.0,35.0,40.0,41.0,44.0,31.0,40.0,50.0,80.0,41.0,49.0,48,0,0,0,0,0,1,0,48,3,7
54.0,42.0,51.0,44.0,48.0,43.0,37.0,38.0,50.0,49.0,77.0,49.0,48.0,58.0,50.0,41.0,34.0,35.0,40.0,41.0,44.0,31.0,40.0,50.0,80.0,41.0,49.0,48.0,21,0,0,0,0,0,0,1,21,4,7
42.0,51.0,44.0,48.0,43.0,37.0,38.0,50.0,49.0,77.0,49.0,48.0,58.0,50.0,41.0,34.0,35.0,40.0,41.0,44.0,31.0,40.0,50.0,80.0,41.0,49.0,48.0,21.0,25,0,0,0,0,1,0,0,25,5,7
51.0,44.0,48.0,43.0,37.0,38.0,50.0,49.0,77.0,49.0,48.0,58.0,50.0,41.0,34.0,35.0,40.0,41.0,44.0,31.0,40.0,50.0,80.0,41.0,49.0,48.0,21.0,25.0,28,1,0,0,0,0,0,0,28,6,7
44.0,48.0,43.0,37.0,38.0,50.0,49.0,77.0,49.0,48.0,58.0,50.0,41.0,34.0,35.0,40.0,41.0,44.0,31.0,40.0,50.0,80.0,41.0,49.0,48.0,21.0,25.0,28.0,29,0,0,1,0,0,0,0,29,7,7
48.0,43.0,37.0,38.0,50.0,49.0,77.0,49.0,48.0,58.0,50.0,41.0,34.0,35.0,40.0,41.0,44.0,31.0,40.0,50.0,80.0,41.0,49.0,48.0,21.0,25.0,28.0,29.0,36,0,0,0,1,0,0,0,36,8,7
43.0,37.0,38.0,50.0,49.0,77.0,49.0,48.0,58.0,50.0,41.0,34.0,35.0,40.0,41.0,44.0,31.0,40.0,50.0,80.0,41.0,49.0,48.0,21.0,25.0,28.0,29.0,36.0,46,0,1,0,0,0,0,0,46,9,7
37.0,38.0,50.0,49.0,77.0,49.0,48.0,58.0,50.0,41.0,34.0,35.0,40.0,41.0,44.0,31.0,40.0,50.0,80.0,41.0,49.0,48.0,21.0,25.0,28.0,29.0,36.0,46.0,87,0,0,0,0,0,1,0,87,10,7
38.0,50.0,49.0,77.0,49.0,48.0,58.0,50.0,41.0,34.0,35.0,40.0,41.0,44.0,31.0,40.0,50.0,80.0,41.0,49.0,48.0,21.0,25.0,28.0,29.0,36.0,46.0,87.0,77,0,0,0,0,0,0,1,77,11,7
50.0,49.0,77.0,49.0,48.0,58.0,50.0,41.0,34.0,35.0,40.0,41.0,44.0,31.0,40.0,50.0,80.0,41.0,49.0,48.0,21.0,25.0,28.0,29.0,36.0,46.0,87.0,77.0,74,0,0,0,0,1,0,0,74,12,7
49.0,77.0,49.0,48.0,58.0,50.0,41.0,34.0,35.0,40.0,41.0,44.0,31.0,40.0,50.0,80.0,41.0,49.0,48.0,21.0,25.0,28.0,29.0,36.0,46.0,87.0,77.0,74.0,41,1,0,0,0,0,0,0,41,13,7
77.0,49.0,48.0,58.0,50.0,41.0,34.0,35.0,40.0,41.0,44.0,31.0,40.0,50.0,80.0,41.0,49.0,48.0,21.0,25.0,28.0,29.0,36.0,46.0,87.0,77.0,74.0,41.0,35,0,0,1,0,0,0,0,35,14,7
49.0,48.0,58.0,50.0,41.0,34.0,35.0,40.0,41.0,44.0,31.0,40.0,50.0,80.0,41.0,49.0,48.0,21.0,25.0,28.0,29.0,36.0,46.0,87.0,77.0,74.0,41.0,35.0,34,0,0,0,1,0,0,0,34,15,7
48.0,58.0,50.0,41.0,34.0,35.0,40.0,41.0,44.0,31.0,40.0,50.0,80.0,41.0,49.0,48.0,21.0,25.0,28.0,29.0,36.0,46.0,87.0,77.0,74.0,41.0,35.0,34.0,35,0,1,0,0,0,0,0,35,16,7
58.0,50.0,41.0,34.0,35.0,40.0,41.0,44.0,31.0,40.0,50.0,80.0,41.0,49.0,48.0,21.0,25.0,28.0,29.0,36.0,46.0,87.0,77.0,74.0,41.0,35.0,34.0,35.0,36,0,0,0,0,0,1,0,36,17,7
50.0,41.0,34.0,35.0,40.0,41.0,44.0,31.0,40.0,50.0,80.0,41.0,49.0,48.0,21.0,25.0,28.0,29.0,36.0,46.0,87.0,77.0,74.0,41.0,35.0,34.0,35.0,36.0,41,0,0,0,0,0,0,1,41,18,7
41.0,34.0,35.0,40.0,41.0,44.0,31.0,40.0,50.0,80.0,41.0,49.0,48.0,21.0,25.0,28.0,29.0,36.0,46.0,87.0,77.0,74.0,41.0,35.0,34.0,35.0,36.0,41.0,48,0,0,0,0,1,0,0,48,19,7
34.0,35.0,40.0,41.0,44.0,31.0,40.0,50.0,80.0,41.0,49.0,48.0,21.0,25.0,28.0,29.0,36.0,46.0,87.0,77.0,74.0,41.0,35.0,34.0,35.0,36.0,41.0,48.0,49,1,0,0,0,0,0,0,49,20,7
35.0,40.0,41.0,44.0,31.0,40.0,50.0,80.0,41.0,49.0,48.0,21.0,25.0,28.0,29.0,36.0,46.0,87.0,77.0,74.0,41.0,35.0,34.0,35.0,36.0,41.0,48.0,49.0,32,0,0,1,0,0,0,0,32,21,7
40.0,41.0,44.0,31.0,40.0,50.0,80.0,41.0,49.0,48.0,21.0,25.0,28.0,29.0,36.0,46.0,87.0,77.0,74.0,41.0,35.0,34.0,35.0,36.0,41.0,48.0,49.0,32.0,39,0,0,0,1,0,0,0,39,22,7
41.0,44.0,31.0,40.0,50.0,80.0,41.0,49.0,48.0,21.0,25.0,28.0,29.0,36.0,46.0,87.0,77.0,74.0,41.0,35.0,34.0,35.0,36.0,41.0,48.0,49.0,32.0,39.0,34,0,1,0,0,0,0,0,34,23,7
44.0,31.0,40.0,50.0,80.0,41.0,49.0,48.0,21.0,25.0,28.0,29.0,36.0,46.0,87.0,77.0,74.0,41.0,35.0,34.0,35.0,36.0,41.0,48.0,49.0,32.0,39.0,34.0,30,0,0,0,0,0,1,0,30,24,7
31.0,40.0,50.0,80.0,41.0,49.0,48.0,21.0,25.0,28.0,29.0,36.0,46.0,87.0,77.0,74.0,41.0,35.0,34.0,35.0,36.0,41.0,48.0,49.0,32.0,39.0,34.0,30.0,33,0,0,0,0,0,0,1,33,25,7
40.0,50.0,80.0,41.0,49.0,48.0,21.0,25.0,28.0,29.0,36.0,46.0,87.0,77.0,74.0,41.0,35.0,34.0,35.0,36.0,41.0,48.0,49.0,32.0,39.0,34.0,30.0,33.0,31,0,0,0,0,1,0,0,31,26,7
50.0,80.0,41.0,49.0,48.0,21.0,25.0,28.0,29.0,36.0,46.0,87.0,77.0,74.0,41.0,35.0,34.0,35.0,36.0,41.0,48.0,49.0,32.0,39.0,34.0,30.0,33.0,31.0,31,1,0,0,0,0,0,0,31,27,7
80.0,41.0,49.0,48.0,21.0,25.0,28.0,29.0,36.0,46.0,87.0,77.0,74.0,41.0,35.0,34.0,35.0,36.0,41.0,48.0,49.0,32.0,39.0,34.0,30.0,33.0,31.0,31.0,34,0,0,1,0,0,0,0,34,28,7
41.0,49.0,48.0,21.0,25.0,28.0,29.0,36.0,46.0,87.0,77.0,74.0,41.0,35.0,34.0,35.0,36.0,41.0,48.0,49.0,32.0,39.0,34.0,30.0,33.0,31.0,31.0,34.0,47,0,0,0,1,0,0,0,47,29,7
49.0,48.0,21.0,25.0,28.0,29.0,36.0,46.0,87.0,77.0,74.0,41.0,35.0,34.0,35.0,36.0,41.0,48.0,49.0,32.0,39.0,34.0,30.0,33.0,31.0,31.0,34.0,47.0,22,0,1,0,0,0,0,0,22,30,7
48.0,21.0,25.0,28.0,29.0,36.0,46.0,87.0,77.0,74.0,41.0,35.0,34.0,35.0,36.0,41.0,48.0,49.0,32.0,39.0,34.0,30.0,33.0,31.0,31.0,34.0,47.0,22.0,22,0,0,0,0,0,1,0,22,31,7
21.0,25.0,28.0,29.0,36.0,46.0,87.0,77.0,74.0,41.0,35.0,34.0,35.0,36.0,41.0,48.0,49.0,32.0,39.0,34.0,30.0,33.0,31.0,31.0,34.0,47.0,22.0,22.0,19,0,0,0,0,0,0,1,19,1,8
25.0,28.0,29.0,36.0,46.0,87.0,77.0,74.0,41.0,35.0,34.0,35.0,36.0,41.0,48.0,49.0,32.0,39.0,34.0,30.0,33.0,31.0,31.0,34.0,47.0,22.0,22.0,19.0,12,0,0,0,0,1,0,0,12,2,8
28.0,29.0,36.0,46.0,87.0,77.0,74.0,41.0,35.0,34.0,35.0,36.0,41.0,48.0,49.0,32.0,39.0,34.0,30.0,33.0,31.0,31.0,34.0,47.0,22.0,22.0,19.0,12.0,17,1,0,0,0,0,0,0,17,3,8
29.0,36.0,46.0,87.0,77.0,74.0,41.0,35.0,34.0,35.0,36.0,41.0,48.0,49.0,32.0,39.0,34.0,30.0,33.0,31.0,31.0,34.0,47.0,22.0,22.0,19.0,12.0,17.0,26,0,0,1,0,0,0,0,26,4,8
36.0,46.0,87.0,77.0,74.0,41.0,35.0,34.0,35.0,36.0,41.0,48.0,49.0,32.0,39.0,34.0,30.0,33.0,31.0,31.0,34.0,47.0,22.0,22.0,19.0,12.0,17.0,26.0,41,0,0,0,1,0,0,0,41,5,8
46.0,87.0,77.0,74.0,41.0,35.0,34.0,35.0,36.0,41.0,48.0,49.0,32.0,39.0,34.0,30.0,33.0,31.0,31.0,34.0,47.0,22.0,22.0,19.0,12.0,17.0,26.0,41.0,40,0,1,0,0,0,0,0,40,6,8
87.0,77.0,74.0,41.0,35.0,34.0,35.0,36.0,41.0,48.0,49.0,32.0,39.0,34.0,30.0,33.0,31.0,31.0,34.0,47.0,22.0,22.0,19.0,12.0,17.0,26.0,41.0,40.0,39,0,0,0,0,0,1,0,39,7,8
77.0,74.0,41.0,35.0,34.0,35.0,36.0,41.0,48.0,49.0,32.0,39.0,34.0,30.0,33.0,31.0,31.0,34.0,47.0,22.0,22.0,19.0,12.0,17.0,26.0,41.0,40.0,39.0,34,0,0,0,0,0,0,1,34,8,8
74.0,41.0,35.0,34.0,35.0,36.0,41.0,48.0,49.0,32.0,39.0,34.0,30.0,33.0,31.0,31.0,34.0,47.0,22.0,22.0,19.0,12.0,17.0,26.0,41.0,40.0,39.0,34.0,43,0,0,0,0,1,0,0,43,9,8
41.0,35.0,34.0,35.0,36.0,41.0,48.0,49.0,32.0,39.0,34.0,30.0,33.0,31.0,31.0,34.0,47.0,22.0,22.0,19.0,12.0,17.0,26.0,41.0,40.0,39.0,34.0,43.0,50,1,0,0,0,0,0,0,50,10,8
35.0,34.0,35.0,36.0,41.0,48.0,49.0,32.0,39.0,34.0,30.0,33.0,31.0,31.0,34.0,47.0,22.0,22.0,19.0,12.0,17.0,26.0,41.0,40.0,39.0,34.0,43.0,50.0,39,0,0,1,0,0,0,0,39,11,8
34.0,35.0,36.0,41.0,48.0,49.0,32.0,39.0,34.0,30.0,33.0,31.0,31.0,34.0,47.0,22.0,22.0,19.0,12.0,17.0,26.0,41.0,40.0,39.0,34.0,43.0,50.0,39.0,41,0,0,0,1,0,0,0,41,12,8
35.0,36.0,41.0,48.0,49.0,32.0,39.0,34.0,30.0,33.0,31.0,31.0,34.0,47.0,22.0,22.0,19.0,12.0,17.0,26.0,41.0,40.0,39.0,34.0,43.0,50.0,39.0,41.0,31,0,1,0,0,0,0,0,31,13,8
36.0,41.0,48.0,49.0,32.0,39.0,34.0,30.0,33.0,31.0,31.0,34.0,47.0,22.0,22.0,19.0,12.0,17.0,26.0,41.0,40.0,39.0,34.0,43.0,50.0,39.0,41.0,31.0,35,0,0,0,0,0,1,0,35,14,8
41.0,48.0,49.0,32.0,39.0,34.0,30.0,33.0,31.0,31.0,34.0,47.0,22.0,22.0,19.0,12.0,17.0,26.0,41.0,40.0,39.0,34.0,43.0,50.0,39.0,41.0,31.0,35.0,39,0,0,0,0,0,0,1,39,15,8
48.0,49.0,32.0,39.0,34.0,30.0,33.0,31.0,31.0,34.0,47.0,22.0,22.0,19.0,12.0,17.0,26.0,41.0,40.0,39.0,34.0,43.0,50.0,39.0,41.0,31.0,35.0,39.0,44,0,0,0,0,1,0,0,44,16,8
49.0,32.0,39.0,34.0,30.0,33.0,31.0,31.0,34.0,47.0,22.0,22.0,19.0,12.0,17.0,26.0,41.0,40.0,39.0,34.0,43.0,50.0,39.0,41.0,31.0,35.0,39.0,44.0,34,1,0,0,0,0,0,0,34,17,8
32.0,39.0,34.0,30.0,33.0,31.0,31.0,34.0,47.0,22.0,22.0,19.0,12.0,17.0,26.0,41.0,40.0,39.0,34.0,43.0,50.0,39.0,41.0,31.0,35.0,39.0,44.0,34.0,28,0,0,1,0,0,0,0,28,18,8
39.0,34.0,30.0,33.0,31.0,31.0,34.0,47.0,22.0,22.0,19.0,12.0,17.0,26.0,41.0,40.0,39.0,34.0,43.0,50.0,39.0,41.0,31.0,35.0,39.0,44.0,34.0,28.0,31,0,0,0,1,0,0,0,31,19,8
34.0,30.0,33.0,31.0,31.0,34.0,47.0,22.0,22.0,19.0,12.0,17.0,26.0,41.0,40.0,39.0,34.0,43.0,50.0,39.0,41.0,31.0,35.0,39.0,44.0,34.0,28.0,31.0,39,0,1,0,0,0,0,0,39,20,8
30.0,33.0,31.0,31.0,34.0,47.0,22.0,22.0,19.0,12.0,17.0,26.0,41.0,40.0,39.0,34.0,43.0,50.0,39.0,41.0,31.0,35.0,39.0,44.0,34.0,28.0,31.0,39.0,23,0,0,0,0,0,1,0,23,21,8
33.0,31.0,31.0,34.0,47.0,22.0,22.0,19.0,12.0,17.0,26.0,41.0,40.0,39.0,34.0,43.0,50.0,39.0,41.0,31.0,35.0,39.0,44.0,34.0,28.0,31.0,39.0,23.0,34,0,0,0,0,0,0,1,34,22,8
31.0,31.0,34.0,47.0,22.0,22.0,19.0,12.0,17.0,26.0,41.0,40.0,39.0,34.0,43.0,50.0,39.0,41.0,31.0,35.0,39.0,44.0,34.0,28.0,31.0,39.0,23.0,34.0,36,0,0,0,0,1,0,0,36,23,8
31.0,34.0,47.0,22.0,22.0,19.0,12.0,17.0,26.0,41.0,40.0,39.0,34.0,43.0,50.0,39.0,41.0,31.0,35.0,39.0,44.0,34.0,28.0,31.0,39.0,23.0,34.0,36.0,41,1,0,0,0,0,0,0,41,24,8
34.0,47.0,22.0,22.0,19.0,12.0,17.0,26.0,41.0,40.0,39.0,34.0,43.0,50.0,39.0,41.0,31.0,35.0,39.0,44.0,34.0,28.0,31.0,39.0,23.0,34.0,36.0,41.0,43,0,0,1,0,0,0,0,43,25,8
47.0,22.0,22.0,19.0,12.0,17.0,26.0,41.0,40.0,39.0,34.0,43.0,50.0,39.0,41.0,31.0,35.0,39.0,44.0,34.0,28.0,31.0,39.0,23.0,34.0,36.0,41.0,43.0,35,0,0,0,1,0,0,0,35,26,8
22.0,22.0,19.0,12.0,17.0,26.0,41.0,40.0,39.0,34.0,43.0,50.0,39.0,41.0,31.0,35.0,39.0,44.0,34.0,28.0,31.0,39.0,23.0,34.0,36.0,41.0,43.0,35.0,37,0,1,0,0,0,0,0,37,27,8
22.0,19.0,12.0,17.0,26.0,41.0,40.0,39.0,34.0,43.0,50.0,39.0,41.0,31.0,35.0,39.0,44.0,34.0,28.0,31.0,39.0,23.0,34.0,36.0,41.0,43.0,35.0,37.0,35,0,0,0,0,0,1,0,35,28,8
19.0,12.0,17.0,26.0,41.0,40.0,39.0,34.0,43.0,50.0,39.0,41.0,31.0,35.0,39.0,44.0,34.0,28.0,31.0,39.0,23.0,34.0,36.0,41.0,43.0,35.0,37.0,35.0,31,0,0,0,0,0,0,1,31,29,8
12.0,17.0,26.0,41.0,40.0,39.0,34.0,43.0,50.0,39.0,41.0,31.0,35.0,39.0,44.0,34.0,28.0,31.0,39.0,23.0,34.0,36.0,41.0,43.0,35.0,37.0,35.0,31.0,44,0,0,0,0,1,0,0,44,30,8
17.0,26.0,41.0,40.0,39.0,34.0,43.0,50.0,39.0,41.0,31.0,35.0,39.0,44.0,34.0,28.0,31.0,39.0,23.0,34.0,36.0,41.0,43.0,35.0,37.0,35.0,31.0,44.0,43,1,0,0,0,0,0,0,43,31,8
26.0,41.0,40.0,39.0,34.0,43.0,50.0,39.0,41.0,31.0,35.0,39.0,44.0,34.0,28.0,31.0,39.0,23.0,34.0,36.0,41.0,43.0,35.0,37.0,35.0,31.0,44.0,43.0,30,0,0,1,0,0,0,0,30,1,9
41.0,40.0,39.0,34.0,43.0,50.0,39.0,41.0,31.0,35.0,39.0,44.0,34.0,28.0,31.0,39.0,23.0,34.0,36.0,41.0,43.0,35.0,37.0,35.0,31.0,44.0,43.0,30.0,37,0,0,0,1,0,0,0,37,2,9
40.0,39.0,34.0,43.0,50.0,39.0,41.0,31.0,35.0,39.0,44.0,34.0,28.0,31.0,39.0,23.0,34.0,36.0,41.0,43.0,35.0,37.0,35.0,31.0,44.0,43.0,30.0,37.0,31,0,1,0,0,0,0,0,31,3,9
39.0,34.0,43.0,50.0,39.0,41.0,31.0,35.0,39.0,44.0,34.0,28.0,31.0,39.0,23.0,34.0,36.0,41.0,43.0,35.0,37.0,35.0,31.0,44.0,43.0,30.0,37.0,31.0,38,0,0,0,0,0,1,0,38,4,9
34.0,43.0,50.0,39.0,41.0,31.0,35.0,39.0,44.0,34.0,28.0,31.0,39.0,23.0,34.0,36.0,41.0,43.0,35.0,37.0,35.0,31.0,44.0,43.0,30.0,37.0,31.0,38.0,36,0,0,0,0,0,0,1,36,5,9
43.0,50.0,39.0,41.0,31.0,35.0,39.0,44.0,34.0,28.0,31.0,39.0,23.0,34.0,36.0,41.0,43.0,35.0,37.0,35.0,31.0,44.0,43.0,30.0,37.0,31.0,38.0,36.0,38,0,0,0,0,1,0,0,38,6,9
50.0,39.0,41.0,31.0,35.0,39.0,44.0,34.0,28.0,31.0,39.0,23.0,34.0,36.0,41.0,43.0,35.0,37.0,35.0,31.0,44.0,43.0,30.0,37.0,31.0,38.0,36.0,38.0,47,1,0,0,0,0,0,0,47,7,9
39.0,41.0,31.0,35.0,39.0,44.0,34.0,28.0,31.0,39.0,23.0,34.0,36.0,41.0,43.0,35.0,37.0,35.0,31.0,44.0,43.0,30.0,37.0,31.0,38.0,36.0,38.0,47.0,36,0,0,1,0,0,0,0,36,8,9
41.0,31.0,35.0,39.0,44.0,34.0,28.0,31.0,39.0,23.0,34.0,36.0,41.0,43.0,35.0,37.0,35.0,31.0,44.0,43.0,30.0,37.0,31.0,38.0,36.0,38.0,47.0,36.0,25,0,0,0,1,0,0,0,25,9,9
31.0,35.0,39.0,44.0,34.0,28.0,31.0,39.0,23.0,34.0,36.0,41.0,43.0,35.0,37.0,35.0,31.0,44.0,43.0,30.0,37.0,31.0,38.0,36.0,38.0,47.0,36.0,25.0,32,0,1,0,0,0,0,0,32,10,9
35.0,39.0,44.0,34.0,28.0,31.0,39.0,23.0,34.0,36.0,41.0,43.0,35.0,37.0,35.0,31.0,44.0,43.0,30.0,37.0,31.0,38.0,36.0,38.0,47.0,36.0,25.0,32.0,25,0,0,0,0,0,1,0,25,11,9
39.0,44.0,34.0,28.0,31.0,39.0,23.0,34.0,36.0,41.0,43.0,35.0,37.0,35.0,31.0,44.0,43.0,30.0,37.0,31.0,38.0,36.0,38.0,47.0,36.0,25.0,32.0,25.0,21,0,0,0,0,0,0,1,21,12,9
44.0,34.0,28.0,31.0,39.0,23.0,34.0,36.0,41.0,43.0,35.0,37.0,35.0,31.0,44.0,43.0,30.0,37.0,31.0,38.0,36.0,38.0,47.0,36.0,25.0,32.0,25.0,21.0,17,0,0,0,0,1,0,0,17,13,9
34.0,28.0,31.0,39.0,23.0,34.0,36.0,41.0,43.0,35.0,37.0,35.0,31.0,44.0,43.0,30.0,37.0,31.0,38.0,36.0,38.0,47.0,36.0,25.0,32.0,25.0,21.0,17.0,17,1,0,0,0,0,0,0,17,14,9
28.0,31.0,39.0,23.0,34.0,36.0,41.0,43.0,35.0,37.0,35.0,31.0,44.0,43.0,30.0,37.0,31.0,38.0,36.0,38.0,47.0,36.0,25.0,32.0,25.0,21.0,17.0,17.0,21,0,0,1,0,0,0,0,21,15,9
31.0,39.0,23.0,34.0,36.0,41.0,43.0,35.0,37.0,35.0,31.0,44.0,43.0,30.0,37.0,31.0,38.0,36.0,38.0,47.0,36.0,25.0,32.0,25.0,21.0,17.0,17.0,21.0,30,0,0,0,1,0,0,0,30,16,9
39.0,23.0,34.0,36.0,41.0,43.0,35.0,37.0,35.0,31.0,44.0,43.0,30.0,37.0,31.0,38.0,36.0,38.0,47.0,36.0,25.0,32.0,25.0,21.0,17.0,17.0,21.0,30.0,23,0,1,0,0,0,0,0,23,17,9
23.0,34.0,36.0,41.0,43.0,35.0,37.0,35.0,31.0,44.0,43.0,30.0,37.0,31.0,38.0,36.0,38.0,47.0,36.0,25.0,32.0,25.0,21.0,17.0,17.0,21.0,30.0,23.0,23,0,0,0,0,0,1,0,23,18,9
34.0,36.0,41.0,43.0,35.0,37.0,35.0,31.0,44.0,43.0,30.0,37.0,31.0,38.0,36.0,38.0,47.0,36.0,25.0,32.0,25.0,21.0,17.0,17.0,21.0,30.0,23.0,23.0,45,0,0,0,0,0,0,1,45,19,9
36.0,41.0,43.0,35.0,37.0,35.0,31.0,44.0,43.0,30.0,37.0,31.0,38.0,36.0,38.0,47.0,36.0,25.0,32.0,25.0,21.0,17.0,17.0,21.0,30.0,23.0,23.0,45.0,36,0,0,0,0,1,0,0,36,20,9
41.0,43.0,35.0,37.0,35.0,31.0,44.0,43.0,30.0,37.0,31.0,38.0,36.0,38.0,47.0,36.0,25.0,32.0,25.0,21.0,17.0,17.0,21.0,30.0,23.0,23.0,45.0,36.0,31,1,0,0,0,0,0,0,31,21,9
43.0,35.0,37.0,35.0,31.0,44.0,43.0,30.0,37.0,31.0,38.0,36.0,38.0,47.0,36.0,25.0,32.0,25.0,21.0,17.0,17.0,21.0,30.0,23.0,23.0,45.0,36.0,31.0,39,0,0,1,0,0,0,0,39,22,9
35.0,37.0,35.0,31.0,44.0,43.0,30.0,37.0,31.0,38.0,36.0,38.0,47.0,36.0,25.0,32.0,25.0,21.0,17.0,17.0,21.0,30.0,23.0,23.0,45.0,36.0,31.0,39.0,28,0,0,0,1,0,0,0,28,23,9
37.0,35.0,31.0,44.0,43.0,30.0,37.0,31.0,38.0,36.0,38.0,47.0,36.0,25.0,32.0,25.0,21.0,17.0,17.0,21.0,30.0,23.0,23.0,45.0,36.0,31.0,39.0,28.0,29,0,1,0,0,0,0,0,29,24,9
35.0,31.0,44.0,43.0,30.0,37.0,31.0,38.0,36.0,38.0,47.0,36.0,25.0,32.0,25.0,21.0,17.0,17.0,21.0,30.0,23.0,23.0,45.0,36.0,31.0,39.0,28.0,29.0,27,0,0,0,0,0,1,0,27,25,9
31.0,44.0,43.0,30.0,37.0,31.0,38.0,36.0,38.0,47.0,36.0,25.0,32.0,25.0,21.0,17.0,17.0,21.0,30.0,23.0,23.0,45.0,36.0,31.0,39.0,28.0,29.0,27.0,27,0,0,0,0,0,0,1,27,26,9
44.0,43.0,30.0,37.0,31.0,38.0,36.0,38.0,47.0,36.0,25.0,32.0,25.0,21.0,17.0,17.0,21.0,30.0,23.0,23.0,45.0,36.0,31.0,39.0,28.0,29.0,27.0,27.0,25,0,0,0,0,1,0,0,25,27,9
43.0,30.0,37.0,31.0,38.0,36.0,38.0,47.0,36.0,25.0,32.0,25.0,21.0,17.0,17.0,21.0,30.0,23.0,23.0,45.0,36.0,31.0,39.0,28.0,29.0,27.0,27.0,25.0,24,1,0,0,0,0,0,0,24,28,9
30.0,37.0,31.0,38.0,36.0,38.0,47.0,36.0,25.0,32.0,25.0,21.0,17.0,17.0,21.0,30.0,23.0,23.0,45.0,36.0,31.0,39.0,28.0,29.0,27.0,27.0,25.0,24.0,43,0,0,1,0,0,0,0,43,29,9
37.0,31.0,38.0,36.0,38.0,47.0,36.0,25.0,32.0,25.0,21.0,17.0,17.0,21.0,30.0,23.0,23.0,45.0,36.0,31.0,39.0,28.0,29.0,27.0,27.0,25.0,24.0,43.0,47,0,0,0,1,0,0,0,47,30,9
31.0,38.0,36.0,38.0,47.0,36.0,25.0,32.0,25.0,21.0,17.0,17.0,21.0,30.0,23.0,23.0,45.0,36.0,31.0,39.0,28.0,29.0,27.0,27.0,25.0,24.0,43.0,47.0,49,0,1,0,0,0,0,0,49,1,10
38.0,36.0,38.0,47.0,36.0,25.0,32.0,25.0,21.0,17.0,17.0,21.0,30.0,23.0,23.0,45.0,36.0,31.0,39.0,28.0,29.0,27.0,27.0,25.0,24.0,43.0,47.0,49.0,36,0,0,0,0,0,1,0,36,2,10
36.0,38.0,47.0,36.0,25.0,32.0,25.0,21.0,17.0,17.0,21.0,30.0,23.0,23.0,45.0,36.0,31.0,39.0,28.0,29.0,27.0,27.0,25.0,24.0,43.0,47.0,49.0,36.0,32,0,0,0,0,0,0,1,32,3,10
38.0,47.0,36.0,25.0,32.0,25.0,21.0,17.0,17.0,21.0,30.0,23.0,23.0,45.0,36.0,31.0,39.0,28.0,29.0,27.0,27.0,25.0,24.0,43.0,47.0,49.0,36.0,32.0,40,0,0,0,0,1,0,0,40,4,10
47.0,36.0,25.0,32.0,25.0,21.0,17.0,17.0,21.0,30.0,23.0,23.0,45.0,36.0,31.0,39.0,28.0,29.0,27.0,27.0,25.0,24.0,43.0,47.0,49.0,36.0,32.0,40.0,36,1,0,0,0,0,0,0,36,5,10
36.0,25.0,32.0,25.0,21.0,17.0,17.0,21.0,30.0,23.0,23.0,45.0,36.0,31.0,39.0,28.0,29.0,27.0,27.0,25.0,24.0,43.0,47.0,49.0,36.0,32.0,40.0,36.0,33,0,0,1,0,0,0,0,33,6,10
25.0,32.0,25.0,21.0,17.0,17.0,21.0,30.0,23.0,23.0,45.0,36.0,31.0,39.0,28.0,29.0,27.0,27.0,25.0,24.0,43.0,47.0,49.0,36.0,32.0,40.0,36.0,33.0,34,0,0,0,1,0,0,0,34,7,10
32.0,25.0,21.0,17.0,17.0,21.0,30.0,23.0,23.0,45.0,36.0,31.0,39.0,28.0,29.0,27.0,27.0,25.0,24.0,43.0,47.0,49.0,36.0,32.0,40.0,36.0,33.0,34.0,30,0,1,0,0,0,0,0,30,8,10
25.0,21.0,17.0,17.0,21.0,30.0,23.0,23.0,45.0,36.0,31.0,39.0,28.0,29.0,27.0,27.0,25.0,24.0,43.0,47.0,49.0,36.0,32.0,40.0,36.0,33.0,34.0,30.0,31,0,0,0,0,0,1,0,31,9,10
21.0,17.0,17.0,21.0,30.0,23.0,23.0,45.0,36.0,31.0,39.0,28.0,29.0,27.0,27.0,25.0,24.0,43.0,47.0,49.0,36.0,32.0,40.0,36.0,33.0,34.0,30.0,31.0,28,0,0,0,0,0,0,1,28,10,10
17.0,17.0,21.0,30.0,23.0,23.0,45.0,36.0,31.0,39.0,28.0,29.0,27.0,27.0,25.0,24.0,43.0,47.0,49.0,36.0,32.0,40.0,36.0,33.0,34.0,30.0,31.0,28.0,20,0,0,0,0,1,0,0,20,11,10
17.0,21.0,30.0,23.0,23.0,45.0,36.0,31.0,39.0,28.0,29.0,27.0,27.0,25.0,24.0,43.0,47.0,49.0,36.0,32.0,40.0,36.0,33.0,34.0,30.0,31.0,28.0,20.0,32,1,0,0,0,0,0,0,32,12,10
21.0,30.0,23.0,23.0,45.0,36.0,31.0,39.0,28.0,29.0,27.0,27.0,25.0,24.0,43.0,47.0,49.0,36.0,32.0,40.0,36.0,33.0,34.0,30.0,31.0,28.0,20.0,32.0,32,0,0,1,0,0,0,0,32,13,10
30.0,23.0,23.0,45.0,36.0,31.0,39.0,28.0,29.0,27.0,27.0,25.0,24.0,43.0,47.0,49.0,36.0,32.0,40.0,36.0,33.0,34.0,30.0,31.0,28.0,20.0,32.0,32.0,32,0,0,0,1,0,0,0,32,14,10
23.0,23.0,45.0,36.0,31.0,39.0,28.0,29.0,27.0,27.0,25.0,24.0,43.0,47.0,49.0,36.0,32.0,40.0,36.0,33.0,34.0,30.0,31.0,28.0,20.0,32.0,32.0,32.0,33,0,1,0,0,0,0,0,33,15,10
23.0,45.0,36.0,31.0,39.0,28.0,29.0,27.0,27.0,25.0,24.0,43.0,47.0,49.0,36.0,32.0,40.0,36.0,33.0,34.0,30.0,31.0,28.0,20.0,32.0,32.0,32.0,33.0,25,0,0,0,0,0,1,0,25,16,10
45.0,36.0,31.0,39.0,28.0,29.0,27.0,27.0,25.0,24.0,43.0,47.0,49.0,36.0,32.0,40.0,36.0,33.0,34.0,30.0,31.0,28.0,20.0,32.0,32.0,32.0,33.0,25.0,29,0,0,0,0,0,0,1,29,17,10
36.0,31.0,39.0,28.0,29.0,27.0,27.0,25.0,24.0,43.0,47.0,49.0,36.0,32.0,40.0,36.0,33.0,34.0,30.0,31.0,28.0,20.0,32.0,32.0,32.0,33.0,25.0,29.0,32,0,0,0,0,1,0,0,32,18,10
31.0,39.0,28.0,29.0,27.0,27.0,25.0,24.0,43.0,47.0,49.0,36.0,32.0,40.0,36.0,33.0,34.0,30.0,31.0,28.0,20.0,32.0,32.0,32.0,33.0,25.0,29.0,32.0,36,1,0,0,0,0,0,0,36,19,10
39.0,28.0,29.0,27.0,27.0,25.0,24.0,43.0,47.0,49.0,36.0,32.0,40.0,36.0,33.0,34.0,30.0,31.0,28.0,20.0,32.0,32.0,32.0,33.0,25.0,29.0,32.0,36.0,27,0,0,1,0,0,0,0,27,20,10
28.0,29.0,27.0,27.0,25.0,24.0,43.0,47.0,49.0,36.0,32.0,40.0,36.0,33.0,34.0,30.0,31.0,28.0,20.0,32.0,32.0,32.0,33.0,25.0,29.0,32.0,36.0,27.0,28,0,0,0,1,0,0,0,28,21,10
29.0,27.0,27.0,25.0,24.0,43.0,47.0,49.0,36.0,32.0,40.0,36.0,33.0,34.0,30.0,31.0,28.0,20.0,32.0,32.0,32.0,33.0,25.0,29.0,32.0,36.0,27.0,28.0,28,0,1,0,0,0,0,0,28,22,10
27.0,27.0,25.0,24.0,43.0,47.0,49.0,36.0,32.0,40.0,36.0,33.0,34.0,30.0,31.0,28.0,20.0,32.0,32.0,32.0,33.0,25.0,29.0,32.0,36.0,27.0,28.0,28.0,32,0,0,0,0,0,1,0,32,23,10
27.0,25.0,24.0,43.0,47.0,49.0,36.0,32.0,40.0,36.0,33.0,34.0,30.0,31.0,28.0,20.0,32.0,32.0,32.0,33.0,25.0,29.0,32.0,36.0,27.0,28.0,28.0,32.0,28,0,0,0,0,0,0,1,28,24,10
25.0,24.0,43.0,47.0,49.0,36.0,32.0,40.0,36.0,33.0,34.0,30.0,31.0,28.0,20.0,32.0,32.0,32.0,33.0,25.0,29.0,32.0,36.0,27.0,28.0,28.0,32.0,28.0,25,0,0,0,0,1,0,0,25,25,10
24.0,43.0,47.0,49.0,36.0,32.0,40.0,36.0,33.0,34.0,30.0,31.0,28.0,20.0,32.0,32.0,32.0,33.0,25.0,29.0,32.0,36.0,27.0,28.0,28.0,32.0,28.0,25.0,31,1,0,0,0,0,0,0,31,26,10
43.0,47.0,49.0,36.0,32.0,40.0,36.0,33.0,34.0,30.0,31.0,28.0,20.0,32.0,32.0,32.0,33.0,25.0,29.0,32.0,36.0,27.0,28.0,28.0,32.0,28.0,25.0,31.0,21,0,0,1,0,0,0,0,21,27,10
47.0,49.0,36.0,32.0,40.0,36.0,33.0,34.0,30.0,31.0,28.0,20.0,32.0,32.0,32.0,33.0,25.0,29.0,32.0,36.0,27.0,28.0,28.0,32.0,28.0,25.0,31.0,21.0,29,0,0,0,1,0,0,0,29,28,10
49.0,36.0,32.0,40.0,36.0,33.0,34.0,30.0,31.0,28.0,20.0,32.0,32.0,32.0,33.0,25.0,29.0,32.0,36.0,27.0,28.0,28.0,32.0,28.0,25.0,31.0,21.0,29.0,31,0,1,0,0,0,0,0,31,29,10
36.0,32.0,40.0,36.0,33.0,34.0,30.0,31.0,28.0,20.0,32.0,32.0,32.0,33.0,25.0,29.0,32.0,36.0,27.0,28.0,28.0,32.0,28.0,25.0,31.0,21.0,29.0,31.0,31,0,0,0,0,0,1,0,31,30,10
32.0,40.0,36.0,33.0,34.0,30.0,31.0,28.0,20.0,32.0,32.0,32.0,33.0,25.0,29.0,32.0,36.0,27.0,28.0,28.0,32.0,28.0,25.0,31.0,21.0,29.0,31.0,31.0,39,0,0,0,0,0,0,1,39,31,10
