lag_1,lag_2,lag_3,lag_4,lag_5,lag_6,lag_7,lag_8,lag_9,lag_10,lag_11,lag_12,lag_13,lag_14,lag_15,lag_16,lag_17,lag_18,lag_19,lag_20,lag_21,lag_22,lag_23,lag_24,lag_25,lag_26,lag_27,lag_28,lag_29,day_Friday,day_Monday,day_Saturday,day_Sunday,day_Thursday,day_Tuesday,day_Wednesday,AQI,current_date,current_month
70.0,58.0,55.0,61.0,68.0,76.0,68.0,68.0,23.0,26.0,29.0,69.0,66.0,59.0,66.0,79.0,65.0,60.0,56.0,77.0,74.0,76.0,67.0,32.0,38.0,57.0,60.0,69.0,37,0,0,1,0,0,0,0,37,30,1
58.0,55.0,61.0,68.0,76.0,68.0,68.0,23.0,26.0,29.0,69.0,66.0,59.0,66.0,79.0,65.0,60.0,56.0,77.0,74.0,76.0,67.0,32.0,38.0,57.0,60.0,69.0,37.0,51,0,0,0,1,0,0,0,51,31,1
55.0,61.0,68.0,76.0,68.0,68.0,23.0,26.0,29.0,69.0,66.0,59.0,66.0,79.0,65.0,60.0,56.0,77.0,74.0,76.0,67.0,32.0,38.0,57.0,60.0,69.0,37.0,51.0,54,0,1,0,0,0,0,0,54,1,2
61.0,68.0,76.0,68.0,68.0,23.0,26.0,29.0,69.0,66.0,59.0,66.0,79.0,65.0,60.0,56.0,77.0,74.0,76.0,67.0,32.0,38.0,57.0,60.0,69.0,37.0,51.0,54.0,51,0,0,0,0,0,1,0,51,2,2
68.0,76.0,68.0,68.0,23.0,26.0,29.0,69.0,66.0,59.0,66.0,79.0,65.0,60.0,56.0,77.0,74.0,76.0,67.0,32.0,38.0,57.0,60.0,69.0,37.0,51.0,54.0,51.0,54,0,0,0,0,0,0,1,54,3,2
76.0,68.0,68.0,23.0,26.0,29.0,69.0,66.0,59.0,66.0,79.0,65.0,60.0,56.0,77.0,74.0,76.0,67.0,32.0,38.0,57.0,60.0,69.0,37.0,51.0,54.0,51.0,54.0,58,0,0,0,0,1,0,0,58,4,2
68.0,68.0,23.0,26.0,29.0,69.0,66.0,59.0,66.0,79.0,65.0,60.0,56.0,77.0,74.0,76.0,67.0,32.0,38.0,57.0,60.0,69.0,37.0,51.0,54.0,51.0,54.0,58.0,56,1,0,0,0,0,0,0,56,5,2
68.0,23.0,26.0,29.0,69.0,66.0,59.0,66.0,79.0,65.0,60.0,56.0,77.0,74.0,76.0,67.0,32.0,38.0,57.0,60.0,69.0,37.0,51.0,54.0,51.0,54.0,58.0,56.0,55,0,0,1,0,0,0,0,55,6,2
23.0,26.0,29.0,69.0,66.0,59.0,66.0,79.0,65.0,60.0,56.0,77.0,74.0,76.0,67.0,32.0,38.0,57.0,60.0,69.0,37.0,51.0,54.0,51.0,54.0,58.0,56.0,55.0,70,0,0,0,1,0,0,0,70,7,2
26.0,29.0,69.0,66.0,59.0,66.0,79.0,65.0,60.0,56.0,77.0,74.0,76.0,67.0,32.0,38.0,57.0,60.0,69.0,37.0,51.0,54.0,51.0,54.0,58.0,56.0,55.0,70.0,69,0,1,0,0,0,0,0,69,8,2
29.0,69.0,66.0,59.0,66.0,79.0,65.0,60.0,56.0,77.0,74.0,76.0,67.0,32.0,38.0,57.0,60.0,69.0,37.0,51.0,54.0,51.0,54.0,58.0,56.0,55.0,70.0,69.0,87,0,0,0,0,0,1,0,87,9,2
69.0,66.0,59.0,66.0,79.0,65.0,60.0,56.0,77.0,74.0,76.0,67.0,32.0,38.0,57.0,60.0,69.0,37.0,51.0,54.0,51.0,54.0,58.0,56.0,55.0,70.0,69.0,87.0,68,0,0,0,0,0,0,1,68,10,2
66.0,59.0,66.0,79.0,65.0,60.0,56.0,77.0,74.0,76.0,67.0,32.0,38.0,57.0,60.0,69.0,37.0,51.0,54.0,51.0,54.0,58.0,56.0,55.0,70.0,69.0,87.0,68.0,63,0,0,0,0,1,0,0,63,11,2
59.0,66.0,79.0,65.0,60.0,56.0,77.0,74.0,76.0,67.0,32.0,38.0,57.0,60.0,69.0,37.0,51.0,54.0,51.0,54.0,58.0,56.0,55.0,70.0,69.0,87.0,68.0,63.0,67,1,0,0,0,0,0,0,67,12,2
66.0,79.0,65.0,60.0,56.0,77.0,74.0,76.0,67.0,32.0,38.0,57.0,60.0,69.0,37.0,51.0,54.0,51.0,54.0,58.0,56.0,55.0,70.0,69.0,87.0,68.0,63.0,67.0,52,0,0,1,0,0,0,0,52,13,2
79.0,65.0,60.0,56.0,77.0,74.0,76.0,67.0,32.0,38.0,57.0,60.0,69.0,37.0,51.0,54.0,51.0,54.0,58.0,56.0,55.0,70.0,69.0,87.0,68.0,63.0,67.0,52.0,39,0,0,0,1,0,0,0,39,14,2
65.0,60.0,56.0,77.0,74.0,76.0,67.0,32.0,38.0,57.0,60.0,69.0,37.0,51.0,54.0,51.0,54.0,58.0,56.0,55.0,70.0,69.0,87.0,68.0,63.0,67.0,52.0,39.0,56,0,1,0,0,0,0,0,56,15,2
60.0,56.0,77.0,74.0,76.0,67.0,32.0,38.0,57.0,60.0,69.0,37.0,51.0,54.0,51.0,54.0,58.0,56.0,55.0,70.0,69.0,87.0,68.0,63.0,67.0,52.0,39.0,56.0,54,0,0,0,0,0,1,0,54,16,2
56.0,77.0,74.0,76.0,67.0,32.0,38.0,57.0,60.0,69.0,37.0,51.0,54.0,51.0,54.0,58.0,56.0,55.0,70.0,69.0,87.0,68.0,63.0,67.0,52.0,39.0,56.0,54.0,71,0,0,0,0,0,0,1,71,17,2
77.0,74.0,76.0,67.0,32.0,38.0,57.0,60.0,69.0,37.0,51.0,54.0,51.0,54.0,58.0,56.0,55.0,70.0,69.0,87.0,68.0,63.0,67.0,52.0,39.0,56.0,54.0,71.0,32,0,0,0,0,1,0,0,32,18,2
74.0,76.0,67.0,32.0,38.0,57.0,60.0,69.0,37.0,51.0,54.0,51.0,54.0,58.0,56.0,55.0,70.0,69.0,87.0,68.0,63.0,67.0,52.0,39.0,56.0,54.0,71.0,32.0,43,1,0,0,0,0,0,0,43,19,2
76.0,67.0,32.0,38.0,57.0,60.0,69.0,37.0,51.0,54.0,51.0,54.0,58.0,56.0,55.0,70.0,69.0,87.0,68.0,63.0,67.0,52.0,39.0,56.0,54.0,71.0,32.0,43.0,40,0,0,1,0,0,0,0,40,20,2
67.0,32.0,38.0,57.0,60.0,69.0,37.0,51.0,54.0,51.0,54.0,58.0,56.0,55.0,70.0,69.0,87.0,68.0,63.0,67.0,52.0,39.0,56.0,54.0,71.0,32.0,43.0,40.0,55,0,0,0,1,0,0,0,55,21,2
32.0,38.0,57.0,60.0,69.0,37.0,51.0,54.0,51.0,54.0,58.0,56.0,55.0,70.0,69.0,87.0,68.0,63.0,67.0,52.0,39.0,56.0,54.0,71.0,32.0,43.0,40.0,55.0,66,0,1,0,0,0,0,0,66,22,2
38.0,57.0,60.0,69.0,37.0,51.0,54.0,51.0,54.0,58.0,56.0,55.0,70.0,69.0,87.0,68.0,63.0,67.0,52.0,39.0,56.0,54.0,71.0,32.0,43.0,40.0,55.0,66.0,63,0,0,0,0,0,1,0,63,23,2
57.0,60.0,69.0,37.0,51.0,54.0,51.0,54.0,58.0,56.0,55.0,70.0,69.0,87.0,68.0,63.0,67.0,52.0,39.0,56.0,54.0,71.0,32.0,43.0,40.0,55.0,66.0,63.0,61,0,0,0,0,0,0,1,61,24,2
60.0,69.0,37.0,51.0,54.0,51.0,54.0,58.0,56.0,55.0,70.0,69.0,87.0,68.0,63.0,67.0,52.0,39.0,56.0,54.0,71.0,32.0,43.0,40.0,55.0,66.0,63.0,61.0,62,0,0,0,0,1,0,0,62,25,2
69.0,37.0,51.0,54.0,51.0,54.0,58.0,56.0,55.0,70.0,69.0,87.0,68.0,63.0,67.0,52.0,39.0,56.0,54.0,71.0,32.0,43.0,40.0,55.0,66.0,63.0,61.0,62.0,61,1,0,0,0,0,0,0,61,26,2
37.0,51.0,54.0,51.0,54.0,58.0,56.0,55.0,70.0,69.0,87.0,68.0,63.0,67.0,52.0,39.0,56.0,54.0,71.0,32.0,43.0,40.0,55.0,66.0,63.0,61.0,62.0,61.0,53,0,0,1,0,0,0,0,53,27,2
51.0,54.0,51.0,54.0,58.0,56.0,55.0,70.0,69.0,87.0,68.0,63.0,67.0,52.0,39.0,56.0,54.0,71.0,32.0,43.0,40.0,55.0,66.0,63.0,61.0,62.0,61.0,53.0,54,0,0,0,1,0,0,0,54,28,2
54.0,51.0,54.0,58.0,56.0,55.0,70.0,69.0,87.0,68.0,63.0,67.0,52.0,39.0,56.0,54.0,71.0,32.0,43.0,40.0,55.0,66.0,63.0,61.0,62.0,61.0,53.0,54.0,55,0,1,0,0,0,0,0,55,29,2
51.0,54.0,58.0,56.0,55.0,70.0,69.0,87.0,68.0,63.0,67.0,52.0,39.0,56.0,54.0,71.0,32.0,43.0,40.0,55.0,66.0,63.0,61.0,62.0,61.0,53.0,54.0,55.0,43,0,0,0,0,0,1,0,43,1,3
54.0,58.0,56.0,55.0,70.0,69.0,87.0,68.0,63.0,67.0,52.0,39.0,56.0,54.0,71.0,32.0,43.0,40.0,55.0,66.0,63.0,61.0,62.0,61.0,53.0,54.0,55.0,43.0,46,0,0,0,0,0,0,1,46,2,3
58.0,56.0,55.0,70.0,69.0,87.0,68.0,63.0,67.0,52.0,39.0,56.0,54.0,71.0,32.0,43.0,40.0,55.0,66.0,63.0,61.0,62.0,61.0,53.0,54.0,55.0,43.0,46.0,38,0,0,0,0,1,0,0,38,3,3
56.0,55.0,70.0,69.0,87.0,68.0,63.0,67.0,52.0,39.0,56.0,54.0,71.0,32.0,43.0,40.0,55.0,66.0,63.0,61.0,62.0,61.0,53.0,54.0,55.0,43.0,46.0,38.0,43,1,0,0,0,0,0,0,43,4,3
55.0,70.0,69.0,87.0,68.0,63.0,67.0,52.0,39.0,56.0,54.0,71.0,32.0,43.0,40.0,55.0,66.0,63.0,61.0,62.0,61.0,53.0,54.0,55.0,43.0,46.0,38.0,43.0,43,0,0,1,0,0,0,0,43,5,3
70.0,69.0,87.0,68.0,63.0,67.0,52.0,39.0,56.0,54.0,71.0,32.0,43.0,40.0,55.0,66.0,63.0,61.0,62.0,61.0,53.0,54.0,55.0,43.0,46.0,38.0,43.0,43.0,17,0,0,0,1,0,0,0,17,6,3
69.0,87.0,68.0,63.0,67.0,52.0,39.0,56.0,54.0,71.0,32.0,43.0,40.0,55.0,66.0,63.0,61.0,62.0,61.0,53.0,54.0,55.0,43.0,46.0,38.0,43.0,43.0,17.0,30,0,1,0,0,0,0,0,30,7,3
87.0,68.0,63.0,67.0,52.0,39.0,56.0,54.0,71.0,32.0,43.0,40.0,55.0,66.0,63.0,61.0,62.0,61.0,53.0,54.0,55.0,43.0,46.0,38.0,43.0,43.0,17.0,30.0,32,0,0,0,0,0,1,0,32,8,3
68.0,63.0,67.0,52.0,39.0,56.0,54.0,71.0,32.0,43.0,40.0,55.0,66.0,63.0,61.0,62.0,61.0,53.0,54.0,55.0,43.0,46.0,38.0,43.0,43.0,17.0,30.0,32.0,44,0,0,0,0,0,0,1,44,9,3
63.0,67.0,52.0,39.0,56.0,54.0,71.0,32.0,43.0,40.0,55.0,66.0,63.0,61.0,62.0,61.0,53.0,54.0,55.0,43.0,46.0,38.0,43.0,43.0,17.0,30.0,32.0,44.0,29,0,0,0,0,1,0,0,29,10,3
67.0,52.0,39.0,56.0,54.0,71.0,32.0,43.0,40.0,55.0,66.0,63.0,61.0,62.0,61.0,53.0,54.0,55.0,43.0,46.0,38.0,43.0,43.0,17.0,30.0,32.0,44.0,29.0,32,1,0,0,0,0,0,0,32,11,3
52.0,39.0,56.0,54.0,71.0,32.0,43.0,40.0,55.0,66.0,63.0,61.0,62.0,61.0,53.0,54.0,55.0,43.0,46.0,38.0,43.0,43.0,17.0,30.0,32.0,44.0,29.0,32.0,39,0,0,1,0,0,0,0,39,12,3
39.0,56.0,54.0,71.0,32.0,43.0,40.0,55.0,66.0,63.0,61.0,62.0,61.0,53.0,54.0,55.0,43.0,46.0,38.0,43.0,43.0,17.0,30.0,32.0,44.0,29.0,32.0,39.0,35,0,0,0,1,0,0,0,35,13,3
56.0,54.0,71.0,32.0,43.0,40.0,55.0,66.0,63.0,61.0,62.0,61.0,53.0,54.0,55.0,43.0,46.0,38.0,43.0,43.0,17.0,30.0,32.0,44.0,29.0,32.0,39.0,35.0,29,0,1,0,0,0,0,0,29,14,3
54.0,71.0,32.0,43.0,40.0,55.0,66.0,63.0,61.0,62.0,61.0,53.0,54.0,55.0,43.0,46.0,38.0,43.0,43.0,17.0,30.0,32.0,44.0,29.0,32.0,39.0,35.0,29.0,31,0,0,0,0,0,1,0,31,15,3
71.0,32.0,43.0,40.0,55.0,66.0,63.0,61.0,62.0,61.0,53.0,54.0,55.0,43.0,46.0,38.0,43.0,43.0,17.0,30.0,32.0,44.0,29.0,32.0,39.0,35.0,29.0,31.0,33,0,0,0,0,0,0,1,33,16,3
32.0,43.0,40.0,55.0,66.0,63.0,61.0,62.0,61.0,53.0,54.0,55.0,43.0,46.0,38.0,43.0,43.0,17.0,30.0,32.0,44.0,29.0,32.0,39.0,35.0,29.0,31.0,33.0,23,0,0,0,0,1,0,0,23,17,3
43.0,40.0,55.0,66.0,63.0,61.0,62.0,61.0,53.0,54.0,55.0,43.0,46.0,38.0,43.0,43.0,17.0,30.0,32.0,44.0,29.0,32.0,39.0,35.0,29.0,31.0,33.0,23.0,34,1,0,0,0,0,0,0,34,18,3
40.0,55.0,66.0,63.0,61.0,62.0,61.0,53.0,54.0,55.0,43.0,46.0,38.0,43.0,43.0,17.0,30.0,32.0,44.0,29.0,32.0,39.0,35.0,29.0,31.0,33.0,23.0,34.0,48,0,0,1,0,0,0,0,48,19,3
55.0,66.0,63.0,61.0,62.0,61.0,53.0,54.0,55.0,43.0,46.0,38.0,43.0,43.0,17.0,30.0,32.0,44.0,29.0,32.0,39.0,35.0,29.0,31.0,33.0,23.0,34.0,48.0,58,0,0,0,1,0,0,0,58,20,3
66.0,63.0,61.0,62.0,61.0,53.0,54.0,55.0,43.0,46.0,38.0,43.0,43.0,17.0,30.0,32.0,44.0,29.0,32.0,39.0,35.0,29.0,31.0,33.0,23.0,34.0,48.0,58.0,35,0,1,0,0,0,0,0,35,21,3
63.0,61.0,62.0,61.0,53.0,54.0,55.0,43.0,46.0,38.0,43.0,43.0,17.0,30.0,32.0,44.0,29.0,32.0,39.0,35.0,29.0,31.0,33.0,23.0,34.0,48.0,58.0,35.0,18,0,0,0,0,0,1,0,18,22,3
61.0,62.0,61.0,53.0,54.0,55.0,43.0,46.0,38.0,43.0,43.0,17.0,30.0,32.0,44.0,29.0,32.0,39.0,35.0,29.0,31.0,33.0,23.0,34.0,48.0,58.0,35.0,18.0,21,0,0,0,0,0,0,1,21,23,3
62.0,61.0,53.0,54.0,55.0,43.0,46.0,38.0,43.0,43.0,17.0,30.0,32.0,44.0,29.0,32.0,39.0,35.0,29.0,31.0,33.0,23.0,34.0,48.0,58.0,35.0,18.0,21.0,13,0,0,0,0,1,0,0,13,24,3
61.0,53.0,54.0,55.0,43.0,46.0,38.0,43.0,43.0,17.0,30.0,32.0,44.0,29.0,32.0,39.0,35.0,29.0,31.0,33.0,23.0,34.0,48.0,58.0,35.0,18.0,21.0,13.0,22,1,0,0,0,0,0,0,22,25,3
53.0,54.0,55.0,43.0,46.0,38.0,43.0,43.0,17.0,30.0,32.0,44.0,29.0,32.0,39.0,35.0,29.0,31.0,33.0,23.0,34.0,48.0,58.0,35.0,18.0,21.0,13.0,22.0,23,0,0,1,0,0,0,0,23,26,3
54.0,55.0,43.0,46.0,38.0,43.0,43.0,17.0,30.0,32.0,44.0,29.0,32.0,39.0,35.0,29.0,31.0,33.0,23.0,34.0,48.0,58.0,35.0,18.0,21.0,13.0,22.0,23.0,19,0,0,0,1,0,0,0,19,27,3
55.0,43.0,46.0,38.0,43.0,43.0,17.0,30.0,32.0,44.0,29.0,32.0,39.0,35.0,29.0,31.0,33.0,23.0,34.0,48.0,58.0,35.0,18.0,21.0,13.0,22.0,23.0,19.0,16,0,1,0,0,0,0,0,16,28,3
43.0,46.0,38.0,43.0,43.0,17.0,30.0,32.0,44.0,29.0,32.0,39.0,35.0,29.0,31.0,33.0,23.0,34.0,48.0,58.0,35.0,18.0,21.0,13.0,22.0,23.0,19.0,16.0,15,0,0,0,0,0,1,0,15,29,3
46.0,38.0,43.0,43.0,17.0,30.0,32.0,44.0,29.0,32.0,39.0,35.0,29.0,31.0,33.0,23.0,34.0,48.0,58.0,35.0,18.0,21.0,13.0,22.0,23.0,19.0,16.0,15.0,21,0,0,0,0,0,0,1,21,30,3
38.0,43.0,43.0,17.0,30.0,32.0,44.0,29.0,32.0,39.0,35.0,29.0,31.0,33.0,23.0,34.0,48.0,58.0,35.0,18.0,21.0,13.0,22.0,23.0,19.0,16.0,15.0,21.0,29,0,0,0,0,1,0,0,29,31,3
43.0,43.0,17.0,30.0,32.0,44.0,29.0,32.0,39.0,35.0,29.0,31.0,33.0,23.0,34.0,48.0,58.0,35.0,18.0,21.0,13.0,22.0,23.0,19.0,16.0,15.0,21.0,29.0,28,1,0,0,0,0,0,0,28,1,4
43.0,17.0,30.0,32.0,44.0,29.0,32.0,39.0,35.0,29.0,31.0,33.0,23.0,34.0,48.0,58.0,35.0,18.0,21.0,13.0,22.0,23.0,19.0,16.0,15.0,21.0,29.0,28.0,26,0,0,1,0,0,0,0,26,2,4
17.0,30.0,32.0,44.0,29.0,32.0,39.0,35.0,29.0,31.0,33.0,23.0,34.0,48.0,58.0,35.0,18.0,21.0,13.0,22.0,23.0,19.0,16.0,15.0,21.0,29.0,28.0,26.0,23,0,0,0,1,0,0,0,23,3,4
30.0,32.0,44.0,29.0,32.0,39.0,35.0,29.0,31.0,33.0,23.0,34.0,48.0,58.0,35.0,18.0,21.0,13.0,22.0,23.0,19.0,16.0,15.0,21.0,29.0,28.0,26.0,23.0,15,0,1,0,0,0,0,0,15,4,4
32.0,44.0,29.0,32.0,39.0,35.0,29.0,31.0,33.0,23.0,34.0,48.0,58.0,35.0,18.0,21.0,13.0,22.0,23.0,19.0,16.0,15.0,21.0,29.0,28.0,26.0,23.0,15.0,20,0,0,0,0,0,1,0,20,5,4
44.0,29.0,32.0,39.0,35.0,29.0,31.0,33.0,23.0,34.0,48.0,58.0,35.0,18.0,21.0,13.0,22.0,23.0,19.0,16.0,15.0,21.0,29.0,28.0,26.0,23.0,15.0,20.0,20,0,0,0,0,0,0,1,20,6,4
29.0,32.0,39.0,35.0,29.0,31.0,33.0,23.0,34.0,48.0,58.0,35.0,18.0,21.0,13.0,22.0,23.0,19.0,16.0,15.0,21.0,29.0,28.0,26.0,23.0,15.0,20.0,20.0,23,0,0,0,0,1,0,0,23,7,4
32.0,39.0,35.0,29.0,31.0,33.0,23.0,34.0,48.0,58.0,35.0,18.0,21.0,13.0,22.0,23.0,19.0,16.0,15.0,21.0,29.0,28.0,26.0,23.0,15.0,20.0,20.0,23.0,33,1,0,0,0,0,0,0,33,8,4
39.0,35.0,29.0,31.0,33.0,23.0,34.0,48.0,58.0,35.0,18.0,21.0,13.0,22.0,23.0,19.0,16.0,15.0,21.0,29.0,28.0,26.0,23.0,15.0,20.0,20.0,23.0,33.0,18,0,0,1,0,0,0,0,18,9,4
35.0,29.0,31.0,33.0,23.0,34.0,48.0,58.0,35.0,18.0,21.0,13.0,22.0,23.0,19.0,16.0,15.0,21.0,29.0,28.0,26.0,23.0,15.0,20.0,20.0,23.0,33.0,18.0,20,0,0,0,1,0,0,0,20,10,4
29.0,31.0,33.0,23.0,34.0,48.0,58.0,35.0,18.0,21.0,13.0,22.0,23.0,19.0,16.0,15.0,21.0,29.0,28.0,26.0,23.0,15.0,20.0,20.0,23.0,33.0,18.0,20.0,24,0,1,0,0,0,0,0,24,11,4
31.0,33.0,23.0,34.0,48.0,58.0,35.0,18.0,21.0,13.0,22.0,23.0,19.0,16.0,15.0,21.0,29.0,28.0,26.0,23.0,15.0,20.0,20.0,23.0,33.0,18.0,20.0,24.0,18,0,0,0,0,0,1,0,18,12,4
33.0,23.0,34.0,48.0,58.0,35.0,18.0,21.0,13.0,22.0,23.0,19.0,16.0,15.0,21.0,29.0,28.0,26.0,23.0,15.0,20.0,20.0,23.0,33.0,18.0,20.0,24.0,18.0,16,0,0,0,0,0,0,1,16,13,4
23.0,34.0,48.0,58.0,35.0,18.0,21.0,13.0,22.0,23.0,19.0,16.0,15.0,21.0,29.0,28.0,26.0,23.0,15.0,20.0,20.0,23.0,33.0,18.0,20.0,24.0,18.0,16.0,39,0,0,0,0,1,0,0,39,14,4
34.0,48.0,58.0,35.0,18.0,21.0,13.0,22.0,23.0,19.0,16.0,15.0,21.0,29.0,28.0,26.0,23.0,15.0,20.0,20.0,23.0,33.0,18.0,20.0,24.0,18.0,16.0,39.0,28,1,0,0,0,0,0,0,28,15,4
48.0,58.0,35.0,18.0,21.0,13.0,22.0,23.0,19.0,16.0,15.0,21.0,29.0,28.0,26.0,23.0,15.0,20.0,20.0,23.0,33.0,18.0,20.0,24.0,18.0,16.0,39.0,28.0,18,0,0,1,0,0,0,0,18,16,4
58.0,35.0,18.0,21.0,13.0,22.0,23.0,19.0,16.0,15.0,21.0,29.0,28.0,26.0,23.0,15.0,20.0,20.0,23.0,33.0,18.0,20.0,24.0,18.0,16.0,39.0,28.0,18.0,24,0,0,0,1,0,0,0,24,17,4
35.0,18.0,21.0,13.0,22.0,23.0,19.0,16.0,15.0,21.0,29.0,28.0,26.0,23.0,15.0,20.0,20.0,23.0,33.0,18.0,20.0,24.0,18.0,16.0,39.0,28.0,18.0,24.0,29,0,1,0,0,0,0,0,29,18,4
18.0,21.0,13.0,22.0,23.0,19.0,16.0,15.0,21.0,29.0,28.0,26.0,23.0,15.0,20.0,20.0,23.0,33.0,18.0,20.0,24.0,18.0,16.0,39.0,28.0,18.0,24.0,29.0,32,0,0,0,0,0,1,0,32,19,4
21.0,13.0,22.0,23.0,19.0,16.0,15.0,21.0,29.0,28.0,26.0,23.0,15.0,20.0,20.0,23.0,33.0,18.0,20.0,24.0,18.0,16.0,39.0,28.0,18.0,24.0,29.0,32.0,40,0,0,0,0,0,0,1,40,20,4
13.0,22.0,23.0,19.0,16.0,15.0,21.0,29.0,28.0,26.0,23.0,15.0,20.0,20.0,23.0,33.0,18.0,20.0,24.0,18.0,16.0,39.0,28.0,18.0,24.0,29.0,32.0,40.0,58,0,0,0,0,1,0,0,58,21,4
22.0,23.0,19.0,16.0,15.0,21.0,29.0,28.0,26.0,23.0,15.0,20.0,20.0,23.0,33.0,18.0,20.0,24.0,18.0,16.0,39.0,28.0,18.0,24.0,29.0,32.0,40.0,58.0,118,1,0,0,0,0,0,0,118,22,4
23.0,19.0,16.0,15.0,21.0,29.0,28.0,26.0,23.0,15.0,20.0,20.0,23.0,33.0,18.0,20.0,24.0,18.0,16.0,39.0,28.0,18.0,24.0,29.0,32.0,40.0,58.0,118.0,74,0,0,1,0,0,0,0,74,23,4
19.0,16.0,15.0,21.0,29.0,28.0,26.0,23.0,15.0,20.0,20.0,23.0,33.0,18.0,20.0,24.0,18.0,16.0,39.0,28.0,18.0,24.0,29.0,32.0,40.0,58.0,118.0,74.0,28,0,0,0,1,0,0,0,28,24,4
16.0,15.0,21.0,29.0,28.0,26.0,23.0,15.0,20.0,20.0,23.0,33.0,18.0,20.0,24.0,18.0,16.0,39.0,28.0,18.0,24.0,29.0,32.0,40.0,58.0,118.0,74.0,28.0,47,0,1,0,0,0,0,0,47,25,4
15.0,21.0,29.0,28.0,26.0,23.0,15.0,20.0,20.0,23.0,33.0,18.0,20.0,24.0,18.0,16.0,39.0,28.0,18.0,24.0,29.0,32.0,40.0,58.0,118.0,74.0,28.0,47.0,41,0,0,0,0,0,1,0,41,26,4
21.0,29.0,28.0,26.0,23.0,15.0,20.0,20.0,23.0,33.0,18.0,20.0,24.0,18.0,16.0,39.0,28.0,18.0,24.0,29.0,32.0,40.0,58.0,118.0,74.0,28.0,47.0,41.0,28,0,0,0,0,0,0,1,28,27,4
29.0,28.0,26.0,23.0,15.0,20.0,20.0,23.0,33.0,18.0,20.0,24.0,18.0,16.0,39.0,28.0,18.0,24.0,29.0,32.0,40.0,58.0,118.0,74.0,28.0,47.0,41.0,28.0,53,0,0,0,0,1,0,0,53,28,4
28.0,26.0,23.0,15.0,20.0,20.0,23.0,33.0,18.0,20.0,24.0,18.0,16.0,39.0,28.0,18.0,24.0,29.0,32.0,40.0,58.0,118.0,74.0,28.0,47.0,41.0,28.0,53.0,101,1,0,0,0,0,0,0,101,29,4
26.0,23.0,15.0,20.0,20.0,23.0,33.0,18.0,20.0,24.0,18.0,16.0,39.0,28.0,18.0,24.0,29.0,32.0,40.0,58.0,118.0,74.0,28.0,47.0,41.0,28.0,53.0,101.0,59,0,0,1,0,0,0,0,59,30,4
23.0,15.0,20.0,20.0,23.0,33.0,18.0,20.0,24.0,18.0,16.0,39.0,28.0,18.0,24.0,29.0,32.0,40.0,58.0,118.0,74.0,28.0,47.0,41.0,28.0,53.0,101.0,59.0,43,0,0,0,1,0,0,0,43,1,5
15.0,20.0,20.0,23.0,33.0,18.0,20.0,24.0,18.0,16.0,39.0,28.0,18.0,24.0,29.0,32.0,40.0,58.0,118.0,74.0,28.0,47.0,41.0,28.0,53.0,101.0,59.0,43.0,28,0,1,0,0,0,0,0,28,2,5
20.0,20.0,23.0,33.0,18.0,20.0,24.0,18.0,16.0,39.0,28.0,18.0,24.0,29.0,32.0,40.0,58.0,118.0,74.0,28.0,47.0,41.0,28.0,53.0,101.0,59.0,43.0,28.0,24,0,0,0,0,0,1,0,24,3,5
20.0,23.0,33.0,18.0,20.0,24.0,18.0,16.0,39.0,28.0,18.0,24.0,29.0,32.0,40.0,58.0,118.0,74.0,28.0,47.0,41.0,28.0,53.0,101.0,59.0,43.0,28.0,24.0,22,0,0,0,0,0,0,1,22,4,5
23.0,33.0,18.0,20.0,24.0,18.0,16.0,39.0,28.0,18.0,24.0,29.0,32.0,40.0,58.0,118.0,74.0,28.0,47.0,41.0,28.0,53.0,101.0,59.0,43.0,28.0,24.0,22.0,34,0,0,0,0,1,0,0,34,5,5
33.0,18.0,20.0,24.0,18.0,16.0,39.0,28.0,18.0,24.0,29.0,32.0,40.0,58.0,118.0,74.0,28.0,47.0,41.0,28.0,53.0,101.0,59.0,43.0,28.0,24.0,22.0,34.0,34,1,0,0,0,0,0,0,34,6,5
18.0,20.0,24.0,18.0,16.0,39.0,28.0,18.0,24.0,29.0,32.0,40.0,58.0,118.0,74.0,28.0,47.0,41.0,28.0,53.0,101.0,59.0,43.0,28.0,24.0,22.0,34.0,34.0,35,0,0,1,0,0,0,0,35,7,5
20.0,24.0,18.0,16.0,39.0,28.0,18.0,24.0,29.0,32.0,40.0,58.0,118.0,74.0,28.0,47.0,41.0,28.0,53.0,101.0,59.0,43.0,28.0,24.0,22.0,34.0,34.0,35.0,24,0,0,0,1,0,0,0,24,8,5
24.0,18.0,16.0,39.0,28.0,18.0,24.0,29.0,32.0,40.0,58.0,118.0,74.0,28.0,47.0,41.0,28.0,53.0,101.0,59.0,43.0,28.0,24.0,22.0,34.0,34.0,35.0,24.0,12,0,1,0,0,0,0,0,12,9,5
18.0,16.0,39.0,28.0,18.0,24.0,29.0,32.0,40.0,58.0,118.0,74.0,28.0,47.0,41.0,28.0,53.0,101.0,59.0,43.0,28.0,24.0,22.0,34.0,34.0,35.0,24.0,12.0,20,0,0,0,0,0,1,0,20,10,5
16.0,39.0,28.0,18.0,24.0,29.0,32.0,40.0,58.0,118.0,74.0,28.0,47.0,41.0,28.0,53.0,101.0,59.0,43.0,28.0,24.0,22.0,34.0,34.0,35.0,24.0,12.0,20.0,20,0,0,0,0,0,0,1,20,11,5
39.0,28.0,18.0,24.0,29.0,32.0,40.0,58.0,118.0,74.0,28.0,47.0,41.0,28.0,53.0,101.0,59.0,43.0,28.0,24.0,22.0,34.0,34.0,35.0,24.0,12.0,20.0,20.0,23,0,0,0,0,1,0,0,23,12,5
28.0,18.0,24.0,29.0,32.0,40.0,58.0,118.0,74.0,28.0,47.0,41.0,28.0,53.0,101.0,59.0,43.0,28.0,24.0,22.0,34.0,34.0,35.0,24.0,12.0,20.0,20.0,23.0,22,1,0,0,0,0,0,0,22,13,5
18.0,24.0,29.0,32.0,40.0,58.0,118.0,74.0,28.0,47.0,41.0,28.0,53.0,101.0,59.0,43.0,28.0,24.0,22.0,34.0,34.0,35.0,24.0,12.0,20.0,20.0,23.0,22.0,34,0,0,1,0,0,0,0,34,14,5
24.0,29.0,32.0,40.0,58.0,118.0,74.0,28.0,47.0,41.0,28.0,53.0,101.0,59.0,43.0,28.0,24.0,22.0,34.0,34.0,35.0,24.0,12.0,20.0,20.0,23.0,22.0,34.0,38,0,0,0,1,0,0,0,38,15,5
29.0,32.0,40.0,58.0,118.0,74.0,28.0,47.0,41.0,28.0,53.0,101.0,59.0,43.0,28.0,24.0,22.0,34.0,34.0,35.0,24.0,12.0,20.0,20.0,23.0,22.0,34.0,38.0,28,0,1,0,0,0,0,0,28,16,5
32.0,40.0,58.0,118.0,74.0,28.0,47.0,41.0,28.0,53.0,101.0,59.0,43.0,28.0,24.0,22.0,34.0,34.0,35.0,24.0,12.0,20.0,20.0,23.0,22.0,34.0,38.0,28.0,24,0,0,0,0,0,1,0,24,17,5
40.0,58.0,118.0,74.0,28.0,47.0,41.0,28.0,53.0,101.0,59.0,43.0,28.0,24.0,22.0,34.0,34.0,35.0,24.0,12.0,20.0,20.0,23.0,22.0,34.0,38.0,28.0,24.0,25,0,0,0,0,0,0,1,25,18,5
58.0,118.0,74.0,28.0,47.0,41.0,28.0,53.0,101.0,59.0,43.0,28.0,24.0,22.0,34.0,34.0,35.0,24.0,12.0,20.0,20.0,23.0,22.0,34.0,38.0,28.0,24.0,25.0,16,0,0,0,0,1,0,0,16,19,5
118.0,74.0,28.0,47.0,41.0,28.0,53.0,101.0,59.0,43.0,28.0,24.0,22.0,34.0,34.0,35.0,24.0,12.0,20.0,20.0,23.0,22.0,34.0,38.0,28.0,24.0,25.0,16.0,19,1,0,0,0,0,0,0,19,20,5
74.0,28.0,47.0,41.0,28.0,53.0,101.0,59.0,43.0,28.0,24.0,22.0,34.0,34.0,35.0,24.0,12.0,20.0,20.0,23.0,22.0,34.0,38.0,28.0,24.0,25.0,16.0,19.0,18,0,0,1,0,0,0,0,18,21,5
28.0,47.0,41.0,28.0,53.0,101.0,59.0,43.0,28.0,24.0,22.0,34.0,34.0,35.0,24.0,12.0,20.0,20.0,23.0,22.0,34.0,38.0,28.0,24.0,25.0,16.0,19.0,18.0,17,0,0,0,1,0,0,0,17,22,5
47.0,41.0,28.0,53.0,101.0,59.0,43.0,28.0,24.0,22.0,34.0,34.0,35.0,24.0,12.0,20.0,20.0,23.0,22.0,34.0,38.0,28.0,24.0,25.0,16.0,19.0,18.0,17.0,14,0,1,0,0,0,0,0,14,23,5
41.0,28.0,53.0,101.0,59.0,43.0,28.0,24.0,22.0,34.0,34.0,35.0,24.0,12.0,20.0,20.0,23.0,22.0,34.0,38.0,28.0,24.0,25.0,16.0,19.0,18.0,17.0,14.0,21,0,0,0,0,0,1,0,21,24,5
28.0,53.0,101.0,59.0,43.0,28.0,24.0,22.0,34.0,34.0,35.0,24.0,12.0,20.0,20.0,23.0,22.0,34.0,38.0,28.0,24.0,25.0,16.0,19.0,18.0,17.0,14.0,21.0,25,0,0,0,0,0,0,1,25,25,5
53.0,101.0,59.0,43.0,28.0,24.0,22.0,34.0,34.0,35.0,24.0,12.0,20.0,20.0,23.0,22.0,34.0,38.0,28.0,24.0,25.0,16.0,19.0,18.0,17.0,14.0,21.0,25.0,23,0,0,0,0,1,0,0,23,26,5
101.0,59.0,43.0,28.0,24.0,22.0,34.0,34.0,35.0,24.0,12.0,20.0,20.0,23.0,22.0,34.0,38.0,28.0,24.0,25.0,16.0,19.0,18.0,17.0,14.0,21.0,25.0,23.0,19,1,0,0,0,0,0,0,19,27,5
59.0,43.0,28.0,24.0,22.0,34.0,34.0,35.0,24.0,12.0,20.0,20.0,23.0,22.0,34.0,38.0,28.0,24.0,25.0,16.0,19.0,18.0,17.0,14.0,21.0,25.0,23.0,19.0,13,0,0,1,0,0,0,0,13,28,5
43.0,28.0,24.0,22.0,34.0,34.0,35.0,24.0,12.0,20.0,20.0,23.0,22.0,34.0,38.0,28.0,24.0,25.0,16.0,19.0,18.0,17.0,14.0,21.0,25.0,23.0,19.0,13.0,13,0,0,0,1,0,0,0,13,29,5
28.0,24.0,22.0,34.0,34.0,35.0,24.0,12.0,20.0,20.0,23.0,22.0,34.0,38.0,28.0,24.0,25.0,16.0,19.0,18.0,17.0,14.0,21.0,25.0,23.0,19.0,13.0,13.0,14,0,1,0,0,0,0,0,14,30,5
24.0,22.0,34.0,34.0,35.0,24.0,12.0,20.0,20.0,23.0,22.0,34.0,38.0,28.0,24.0,25.0,16.0,19.0,18.0,17.0,14.0,21.0,25.0,23.0,19.0,13.0,13.0,14.0,17,0,0,0,0,0,1,0,17,31,5
22.0,34.0,34.0,35.0,24.0,12.0,20.0,20.0,23.0,22.0,34.0,38.0,28.0,24.0,25.0,16.0,19.0,18.0,17.0,14.0,21.0,25.0,23.0,19.0,13.0,13.0,14.0,17.0,20,0,0,0,0,0,0,1,20,1,6
34.0,34.0,35.0,24.0,12.0,20.0,20.0,23.0,22.0,34.0,38.0,28.0,24.0,25.0,16.0,19.0,18.0,17.0,14.0,21.0,25.0,23.0,19.0,13.0,13.0,14.0,17.0,20.0,12,0,0,0,0,1,0,0,12,2,6
34.0,35.0,24.0,12.0,20.0,20.0,23.0,22.0,34.0,38.0,28.0,24.0,25.0,16.0,19.0,18.0,17.0,14.0,21.0,25.0,23.0,19.0,13.0,13.0,14.0,17.0,20.0,12.0,19,1,0,0,0,0,0,0,19,3,6
35.0,24.0,12.0,20.0,20.0,23.0,22.0,34.0,38.0,28.0,24.0,25.0,16.0,19.0,18.0,17.0,14.0,21.0,25.0,23.0,19.0,13.0,13.0,14.0,17.0,20.0,12.0,19.0,21,0,0,1,0,0,0,0,21,4,6
24.0,12.0,20.0,20.0,23.0,22.0,34.0,38.0,28.0,24.0,25.0,16.0,19.0,18.0,17.0,14.0,21.0,25.0,23.0,19.0,13.0,13.0,14.0,17.0,20.0,12.0,19.0,21.0,28,0,0,0,1,0,0,0,28,5,6
12.0,20.0,20.0,23.0,22.0,34.0,38.0,28.0,24.0,25.0,16.0,19.0,18.0,17.0,14.0,21.0,25.0,23.0,19.0,13.0,13.0,14.0,17.0,20.0,12.0,19.0,21.0,28.0,35,0,1,0,0,0,0,0,35,6,6
20.0,20.0,23.0,22.0,34.0,38.0,28.0,24.0,25.0,16.0,19.0,18.0,17.0,14.0,21.0,25.0,23.0,19.0,13.0,13.0,14.0,17.0,20.0,12.0,19.0,21.0,28.0,35.0,30,0,0,0,0,0,1,0,30,7,6
20.0,23.0,22.0,34.0,38.0,28.0,24.0,25.0,16.0,19.0,18.0,17.0,14.0,21.0,25.0,23.0,19.0,13.0,13.0,14.0,17.0,20.0,12.0,19.0,21.0,28.0,35.0,30.0,33,0,0,0,0,0,0,1,33,8,6
23.0,22.0,34.0,38.0,28.0,24.0,25.0,16.0,19.0,18.0,17.0,14.0,21.0,25.0,23.0,19.0,13.0,13.0,14.0,17.0,20.0,12.0,19.0,21.0,28.0,35.0,30.0,33.0,20,0,0,0,0,1,0,0,20,9,6
22.0,34.0,38.0,28.0,24.0,25.0,16.0,19.0,18.0,17.0,14.0,21.0,25.0,23.0,19.0,13.0,13.0,14.0,17.0,20.0,12.0,19.0,21.0,28.0,35.0,30.0,33.0,20.0,13,1,0,0,0,0,0,0,13,10,6
34.0,38.0,28.0,24.0,25.0,16.0,19.0,18.0,17.0,14.0,21.0,25.0,23.0,19.0,13.0,13.0,14.0,17.0,20.0,12.0,19.0,21.0,28.0,35.0,30.0,33.0,20.0,13.0,13,0,0,1,0,0,0,0,13,11,6
38.0,28.0,24.0,25.0,16.0,19.0,18.0,17.0,14.0,21.0,25.0,23.0,19.0,13.0,13.0,14.0,17.0,20.0,12.0,19.0,21.0,28.0,35.0,30.0,33.0,20.0,13.0,13.0,16,0,0,0,1,0,0,0,16,12,6
28.0,24.0,25.0,16.0,19.0,18.0,17.0,14.0,21.0,25.0,23.0,19.0,13.0,13.0,14.0,17.0,20.0,12.0,19.0,21.0,28.0,35.0,30.0,33.0,20.0,13.0,13.0,16.0,16,0,1,0,0,0,0,0,16,13,6
24.0,25.0,16.0,19.0,18.0,17.0,14.0,21.0,25.0,23.0,19.0,13.0,13.0,14.0,17.0,20.0,12.0,19.0,21.0,28.0,35.0,30.0,33.0,20.0,13.0,13.0,16.0,16.0,15,0,0,0,0,0,1,0,15,14,6
25.0,16.0,19.0,18.0,17.0,14.0,21.0,25.0,23.0,19.0,13.0,13.0,14.0,17.0,20.0,12.0,19.0,21.0,28.0,35.0,30.0,33.0,20.0,13.0,13.0,16.0,16.0,15.0,14,0,0,0,0,0,0,1,14,15,6
16.0,19.0,18.0,17.0,14.0,21.0,25.0,23.0,19.0,13.0,13.0,14.0,17.0,20.0,12.0,19.0,21.0,28.0,35.0,30.0,33.0,20.0,13.0,13.0,16.0,16.0,15.0,14.0,16,0,0,0,0,1,0,0,16,16,6
19.0,18.0,17.0,14.0,21.0,25.0,23.0,19.0,13.0,13.0,14.0,17.0,20.0,12.0,19.0,21.0,28.0,35.0,30.0,33.0,20.0,13.0,13.0,16.0,16.0,15.0,14.0,16.0,20,1,0,0,0,0,0,0,20,17,6
18.0,17.0,14.0,21.0,25.0,23.0,19.0,13.0,13.0,14.0,17.0,20.0,12.0,19.0,21.0,28.0,35.0,30.0,33.0,20.0,13.0,13.0,16.0,16.0,15.0,14.0,16.0,20.0,21,0,0,1,0,0,0,0,21,18,6
17.0,14.0,21.0,25.0,23.0,19.0,13.0,13.0,14.0,17.0,20.0,12.0,19.0,21.0,28.0,35.0,30.0,33.0,20.0,13.0,13.0,16.0,16.0,15.0,14.0,16.0,20.0,21.0,13,0,0,0,1,0,0,0,13,19,6
14.0,21.0,25.0,23.0,19.0,13.0,13.0,14.0,17.0,20.0,12.0,19.0,21.0,28.0,35.0,30.0,33.0,20.0,13.0,13.0,16.0,16.0,15.0,14.0,16.0,20.0,21.0,13.0,18,0,1,0,0,0,0,0,18,20,6
21.0,25.0,23.0,19.0,13.0,13.0,14.0,17.0,20.0,12.0,19.0,21.0,28.0,35.0,30.0,33.0,20.0,13.0,13.0,16.0,16.0,15.0,14.0,16.0,20.0,21.0,13.0,18.0,17,0,0,0,0,0,1,0,17,21,6
25.0,23.0,19.0,13.0,13.0,14.0,17.0,20.0,12.0,19.0,21.0,28.0,35.0,30.0,33.0,20.0,13.0,13.0,16.0,16.0,15.0,14.0,16.0,20.0,21.0,13.0,18.0,17.0,20,0,0,0,0,0,0,1,20,22,6
23.0,19.0,13.0,13.0,14.0,17.0,20.0,12.0,19.0,21.0,28.0,35.0,30.0,33.0,20.0,13.0,13.0,16.0,16.0,15.0,14.0,16.0,20.0,21.0,13.0,18.0,17.0,20.0,18,0,0,0,0,1,0,0,18,23,6
19.0,13.0,13.0,14.0,17.0,20.0,12.0,19.0,21.0,28.0,35.0,30.0,33.0,20.0,13.0,13.0,16.0,16.0,15.0,14.0,16.0,20.0,21.0,13.0,18.0,17.0,20.0,18.0,11,1,0,0,0,0,0,0,11,24,6
13.0,13.0,14.0,17.0,20.0,12.0,19.0,21.0,28.0,35.0,30.0,33.0,20.0,13.0,13.0,16.0,16.0,15.0,14.0,16.0,20.0,21.0,13.0,18.0,17.0,20.0,18.0,11.0,14,0,0,1,0,0,0,0,14,25,6
13.0,14.0,17.0,20.0,12.0,19.0,21.0,28.0,35.0,30.0,33.0,20.0,13.0,13.0,16.0,16.0,15.0,14.0,16.0,20.0,21.0,13.0,18.0,17.0,20.0,18.0,11.0,14.0,21,0,0,0,1,0,0,0,21,26,6
14.0,17.0,20.0,12.0,19.0,21.0,28.0,35.0,30.0,33.0,20.0,13.0,13.0,16.0,16.0,15.0,14.0,16.0,20.0,21.0,13.0,18.0,17.0,20.0,18.0,11.0,14.0,21.0,21,0,1,0,0,0,0,0,21,27,6
17.0,20.0,12.0,19.0,21.0,28.0,35.0,30.0,33.0,20.0,13.0,13.0,16.0,16.0,15.0,14.0,16.0,20.0,21.0,13.0,18.0,17.0,20.0,18.0,11.0,14.0,21.0,21.0,20,0,0,0,0,0,1,0,20,28,6
20.0,12.0,19.0,21.0,28.0,35.0,30.0,33.0,20.0,13.0,13.0,16.0,16.0,15.0,14.0,16.0,20.0,21.0,13.0,18.0,17.0,20.0,18.0,11.0,14.0,21.0,21.0,20.0,30,0,0,0,0,0,0,1,30,29,6
12.0,19.0,21.0,28.0,35.0,30.0,33.0,20.0,13.0,13.0,16.0,16.0,15.0,14.0,16.0,20.0,21.0,13.0,18.0,17.0,20.0,18.0,11.0,14.0,21.0,21.0,20.0,30.0,22,0,0,0,0,1,0,0,22,30,6
19.0,21.0,28.0,35.0,30.0,33.0,20.0,13.0,13.0,16.0,16.0,15.0,14.0,16.0,20.0,21.0,13.0,18.0,17.0,20.0,18.0,11.0,14.0,21.0,21.0,20.0,30.0,22.0,19,1,0,0,0,0,0,0,19,1,7
21.0,28.0,35.0,30.0,33.0,20.0,13.0,13.0,16.0,16.0,15.0,14.0,16.0,20.0,21.0,13.0,18.0,17.0,20.0,18.0,11.0,14.0,21.0,21.0,20.0,30.0,22.0,19.0,18,0,0,1,0,0,0,0,18,2,7
28.0,35.0,30.0,33.0,20.0,13.0,13.0,16.0,16.0,15.0,14.0,16.0,20.0,21.0,13.0,18.0,17.0,20.0,18.0,11.0,14.0,21.0,21.0,20.0,30.0,22.0,19.0,18.0,18,0,0,0,1,0,0,0,18,3,7
35.0,30.0,33.0,20.0,13.0,13.0,16.0,16.0,15.0,14.0,16.0,20.0,21.0,13.0,18.0,17.0,20.0,18.0,11.0,14.0,21.0,21.0,20.0,30.0,22.0,19.0,18.0,18.0,17,0,1,0,0,0,0,0,17,4,7
30.0,33.0,20.0,13.0,13.0,16.0,16.0,15.0,14.0,16.0,20.0,21.0,13.0,18.0,17.0,20.0,18.0,11.0,14.0,21.0,21.0,20.0,30.0,22.0,19.0,18.0,18.0,17.0,16,0,0,0,0,0,1,0,16,5,7
33.0,20.0,13.0,13.0,16.0,16.0,15.0,14.0,16.0,20.0,21.0,13.0,18.0,17.0,20.0,18.0,11.0,14.0,21.0,21.0,20.0,30.0,22.0,19.0,18.0,18.0,17.0,16.0,13,0,0,0,0,0,0,1,13,6,7
20.0,13.0,13.0,16.0,16.0,15.0,14.0,16.0,20.0,21.0,13.0,18.0,17.0,20.0,18.0,11.0,14.0,21.0,21.0,20.0,30.0,22.0,19.0,18.0,18.0,17.0,16.0,13.0,21,0,0,0,0,1,0,0,21,7,7
13.0,13.0,16.0,16.0,15.0,14.0,16.0,20.0,21.0,13.0,18.0,17.0,20.0,18.0,11.0,14.0,21.0,21.0,20.0,30.0,22.0,19.0,18.0,18.0,17.0,16.0,13.0,21.0,14,1,0,0,0,0,0,0,14,8,7
13.0,16.0,16.0,15.0,14.0,16.0,20.0,21.0,13.0,18.0,17.0,20.0,18.0,11.0,14.0,21.0,21.0,20.0,30.0,22.0,19.0,18.0,18.0,17.0,16.0,13.0,21.0,14.0,13,0,0,1,0,0,0,0,13,9,7
16.0,16.0,15.0,14.0,16.0,20.0,21.0,13.0,18.0,17.0,20.0,18.0,11.0,14.0,21.0,21.0,20.0,30.0,22.0,19.0,18.0,18.0,17.0,16.0,13.0,21.0,14.0,13.0,15,0,0,0,1,0,0,0,15,10,7
16.0,15.0,14.0,16.0,20.0,21.0,13.0,18.0,17.0,20.0,18.0,11.0,14.0,21.0,21.0,20.0,30.0,22.0,19.0,18.0,18.0,17.0,16.0,13.0,21.0,14.0,13.0,15.0,17,0,1,0,0,0,0,0,17,11,7
15.0,14.0,16.0,20.0,21.0,13.0,18.0,17.0,20.0,18.0,11.0,14.0,21.0,21.0,20.0,30.0,22.0,19.0,18.0,18.0,17.0,16.0,13.0,21.0,14.0,13.0,15.0,17.0,21,0,0,0,0,0,1,0,21,12,7
14.0,16.0,20.0,21.0,13.0,18.0,17.0,20.0,18.0,11.0,14.0,21.0,21.0,20.0,30.0,22.0,19.0,18.0,18.0,17.0,16.0,13.0,21.0,14.0,13.0,15.0,17.0,21.0,18,0,0,0,0,0,0,1,18,13,7
16.0,20.0,21.0,13.0,18.0,17.0,20.0,18.0,11.0,14.0,21.0,21.0,20.0,30.0,22.0,19.0,18.0,18.0,17.0,16.0,13.0,21.0,14.0,13.0,15.0,17.0,21.0,18.0,21,0,0,0,0,1,0,0,21,14,7
20.0,21.0,13.0,18.0,17.0,20.0,18.0,11.0,14.0,21.0,21.0,20.0,30.0,22.0,19.0,18.0,18.0,17.0,16.0,13.0,21.0,14.0,13.0,15.0,17.0,21.0,18.0,21.0,14,1,0,0,0,0,0,0,14,15,7
21.0,13.0,18.0,17.0,20.0,18.0,11.0,14.0,21.0,21.0,20.0,30.0,22.0,19.0,18.0,18.0,17.0,16.0,13.0,21.0,14.0,13.0,15.0,17.0,21.0,18.0,21.0,14.0,16,0,0,1,0,0,0,0,16,16,7
13.0,18.0,17.0,20.0,18.0,11.0,14.0,21.0,21.0,20.0,30.0,22.0,19.0,18.0,18.0,17.0,16.0,13.0,21.0,14.0,13.0,15.0,17.0,21.0,18.0,21.0,14.0,16.0,20,0,0,0,1,0,0,0,20,17,7
18.0,17.0,20.0,18.0,11.0,14.0,21.0,21.0,20.0,30.0,22.0,19.0,18.0,18.0,17.0,16.0,13.0,21.0,14.0,13.0,15.0,17.0,21.0,18.0,21.0,14.0,16.0,20.0,22,0,1,0,0,0,0,0,22,18,7
17.0,20.0,18.0,11.0,14.0,21.0,21.0,20.0,30.0,22.0,19.0,18.0,18.0,17.0,16.0,13.0,21.0,14.0,13.0,15.0,17.0,21.0,18.0,21.0,14.0,16.0,20.0,22.0,28,0,0,0,0,0,1,0,28,19,7
20.0,18.0,11.0,14.0,21.0,21.0,20.0,30.0,22.0,19.0,18.0,18.0,17.0,16.0,13.0,21.0,14.0,13.0,15.0,17.0,21.0,18.0,21.0,14.0,16.0,20.0,22.0,28.0,26,0,0,0,0,0,0,1,26,20,7
18.0,11.0,14.0,21.0,21.0,20.0,30.0,22.0,19.0,18.0,18.0,17.0,16.0,13.0,21.0,14.0,13.0,15.0,17.0,21.0,18.0,21.0,14.0,16.0,20.0,22.0,28.0,26.0,29,0,0,0,0,1,0,0,29,21,7
11.0,14.0,21.0,21.0,20.0,30.0,22.0,19.0,18.0,18.0,17.0,16.0,13.0,21.0,14.0,13.0,15.0,17.0,21.0,18.0,21.0,14.0,16.0,20.0,22.0,28.0,26.0,29.0,20,1,0,0,0,0,0,0,20,22,7
14.0,21.0,21.0,20.0,30.0,22.0,19.0,18.0,18.0,17.0,16.0,13.0,21.0,14.0,13.0,15.0,17.0,21.0,18.0,21.0,14.0,16.0,20.0,22.0,28.0,26.0,29.0,20.0,21,0,0,1,0,0,0,0,21,23,7
21.0,21.0,20.0,30.0,22.0,19.0,18.0,18.0,17.0,16.0,13.0,21.0,14.0,13.0,15.0,17.0,21.0,18.0,21.0,14.0,16.0,20.0,22.0,28.0,26.0,29.0,20.0,21.0,20,0,0,0,1,0,0,0,20,24,7
21.0,20.0,30.0,22.0,19.0,18.0,18.0,17.0,16.0,13.0,21.0,14.0,13.0,15.0,17.0,21.0,18.0,21.0,14.0,16.0,20.0,22.0,28.0,26.0,29.0,20.0,21.0,20.0,23,0,1,0,0,0,0,0,23,25,7
20.0,30.0,22.0,19.0,18.0,18.0,17.0,16.0,13.0,21.0,14.0,13.0,15.0,17.0,21.0,18.0,21.0,14.0,16.0,20.0,22.0,28.0,26.0,29.0,20.0,21.0,20.0,23.0,23,0,0,0,0,0,1,0,23,26,7
30.0,22.0,19.0,18.0,18.0,17.0,16.0,13.0,21.0,14.0,13.0,15.0,17.0,21.0,18.0,21.0,14.0,16.0,20.0,22.0,28.0,26.0,29.0,20.0,21.0,20.0,23.0,23.0,25,0,0,0,0,0,0,1,25,27,7
22.0,19.0,18.0,18.0,17.0,16.0,13.0,21.0,14.0,13.0,15.0,17.0,21.0,18.0,21.0,14.0,16.0,20.0,22.0,28.0,26.0,29.0,20.0,21.0,20.0,23.0,23.0,25.0,28,0,0,0,0,1,0,0,28,28,7
19.0,18.0,18.0,17.0,16.0,13.0,21.0,14.0,13.0,15.0,17.0,21.0,18.0,21.0,14.0,16.0,20.0,22.0,28.0,26.0,29.0,20.0,21.0,20.0,23.0,23.0,25.0,28.0,26,1,0,0,0,0,0,0,26,29,7
18.0,18.0,17.0,16.0,13.0,21.0,14.0,13.0,15.0,17.0,21.0,18.0,21.0,14.0,16.0,20.0,22.0,28.0,26.0,29.0,20.0,21.0,20.0,23.0,23.0,25.0,28.0,26.0,22,0,0,1,0,0,0,0,22,30,7
18.0,17.0,16.0,13.0,21.0,14.0,13.0,15.0,17.0,21.0,18.0,21.0,14.0,16.0,20.0,22.0,28.0,26.0,29.0,20.0,21.0,20.0,23.0,23.0,25.0,28.0,26.0,22.0,16,0,0,0,1,0,0,0,16,31,7
17.0,16.0,13.0,21.0,14.0,13.0,15.0,17.0,21.0,18.0,21.0,14.0,16.0,20.0,22.0,28.0,26.0,29.0,20.0,21.0,20.0,23.0,23.0,25.0,28.0,26.0,22.0,16.0,21,0,1,0,0,0,0,0,21,1,8
16.0,13.0,21.0,14.0,13.0,15.0,17.0,21.0,18.0,21.0,14.0,16.0,20.0,22.0,28.0,26.0,29.0,20.0,21.0,20.0,23.0,23.0,25.0,28.0,26.0,22.0,16.0,21.0,26,0,0,0,0,0,1,0,26,2,8
13.0,21.0,14.0,13.0,15.0,17.0,21.0,18.0,21.0,14.0,16.0,20.0,22.0,28.0,26.0,29.0,20.0,21.0,20.0,23.0,23.0,25.0,28.0,26.0,22.0,16.0,21.0,26.0,26,0,0,0,0,0,0,1,26,3,8
21.0,14.0,13.0,15.0,17.0,21.0,18.0,21.0,14.0,16.0,20.0,22.0,28.0,26.0,29.0,20.0,21.0,20.0,23.0,23.0,25.0,28.0,26.0,22.0,16.0,21.0,26.0,26.0,31,0,0,0,0,1,0,0,31,4,8
14.0,13.0,15.0,17.0,21.0,18.0,21.0,14.0,16.0,20.0,22.0,28.0,26.0,29.0,20.0,21.0,20.0,23.0,23.0,25.0,28.0,26.0,22.0,16.0,21.0,26.0,26.0,31.0,38,1,0,0,0,0,0,0,38,5,8
13.0,15.0,17.0,21.0,18.0,21.0,14.0,16.0,20.0,22.0,28.0,26.0,29.0,20.0,21.0,20.0,23.0,23.0,25.0,28.0,26.0,22.0,16.0,21.0,26.0,26.0,31.0,38.0,51,0,0,1,0,0,0,0,51,6,8
15.0,17.0,21.0,18.0,21.0,14.0,16.0,20.0,22.0,28.0,26.0,29.0,20.0,21.0,20.0,23.0,23.0,25.0,28.0,26.0,22.0,16.0,21.0,26.0,26.0,31.0,38.0,51.0,58,0,0,0,1,0,0,0,58,7,8
17.0,21.0,18.0,21.0,14.0,16.0,20.0,22.0,28.0,26.0,29.0,20.0,21.0,20.0,23.0,23.0,25.0,28.0,26.0,22.0,16.0,21.0,26.0,26.0,31.0,38.0,51.0,58.0,14,0,1,0,0,0,0,0,14,8,8
21.0,18.0,21.0,14.0,16.0,20.0,22.0,28.0,26.0,29.0,20.0,21.0,20.0,23.0,23.0,25.0,28.0,26.0,22.0,16.0,21.0,26.0,26.0,31.0,38.0,51.0,58.0,14.0,15,0,0,0,0,0,1,0,15,9,8
18.0,21.0,14.0,16.0,20.0,22.0,28.0,26.0,29.0,20.0,21.0,20.0,23.0,23.0,25.0,28.0,26.0,22.0,16.0,21.0,26.0,26.0,31.0,38.0,51.0,58.0,14.0,15.0,16,0,0,0,0,0,0,1,16,10,8
21.0,14.0,16.0,20.0,22.0,28.0,26.0,29.0,20.0,21.0,20.0,23.0,23.0,25.0,28.0,26.0,22.0,16.0,21.0,26.0,26.0,31.0,38.0,51.0,58.0,14.0,15.0,16.0,15,0,0,0,0,1,0,0,15,11,8
14.0,16.0,20.0,22.0,28.0,26.0,29.0,20.0,21.0,20.0,23.0,23.0,25.0,28.0,26.0,22.0,16.0,21.0,26.0,26.0,31.0,38.0,51.0,58.0,14.0,15.0,16.0,15.0,19,1,0,0,0,0,0,0,19,12,8
16.0,20.0,22.0,28.0,26.0,29.0,20.0,21.0,20.0,23.0,23.0,25.0,28.0,26.0,22.0,16.0,21.0,26.0,26.0,31.0,38.0,51.0,58.0,14.0,15.0,16.0,15.0,19.0,23,0,0,1,0,0,0,0,23,13,8
20.0,22.0,28.0,26.0,29.0,20.0,21.0,20.0,23.0,23.0,25.0,28.0,26.0,22.0,16.0,21.0,26.0,26.0,31.0,38.0,51.0,58.0,14.0,15.0,16.0,15.0,19.0,23.0,15,0,0,0,1,0,0,0,15,14,8
22.0,28.0,26.0,29.0,20.0,21.0,20.0,23.0,23.0,25.0,28.0,26.0,22.0,16.0,21.0,26.0,26.0,31.0,38.0,51.0,58.0,14.0,15.0,16.0,15.0,19.0,23.0,15.0,18,0,1,0,0,0,0,0,18,15,8
28.0,26.0,29.0,20.0,21.0,20.0,23.0,23.0,25.0,28.0,26.0,22.0,16.0,21.0,26.0,26.0,31.0,38.0,51.0,58.0,14.0,15.0,16.0,15.0,19.0,23.0,15.0,18.0,21,0,0,0,0,0,1,0,21,16,8
26.0,29.0,20.0,21.0,20.0,23.0,23.0,25.0,28.0,26.0,22.0,16.0,21.0,26.0,26.0,31.0,38.0,51.0,58.0,14.0,15.0,16.0,15.0,19.0,23.0,15.0,18.0,21.0,18,0,0,0,0,0,0,1,18,17,8
29.0,20.0,21.0,20.0,23.0,23.0,25.0,28.0,26.0,22.0,16.0,21.0,26.0,26.0,31.0,38.0,51.0,58.0,14.0,15.0,16.0,15.0,19.0,23.0,15.0,18.0,21.0,18.0,17,0,0,0,0,1,0,0,17,18,8
20.0,21.0,20.0,23.0,23.0,25.0,28.0,26.0,22.0,16.0,21.0,26.0,26.0,31.0,38.0,51.0,58.0,14.0,15.0,16.0,15.0,19.0,23.0,15.0,18.0,21.0,18.0,17.0,22,1,0,0,0,0,0,0,22,19,8
21.0,20.0,23.0,23.0,25.0,28.0,26.0,22.0,16.0,21.0,26.0,26.0,31.0,38.0,51.0,58.0,14.0,15.0,16.0,15.0,19.0,23.0,15.0,18.0,21.0,18.0,17.0,22.0,42,0,0,1,0,0,0,0,42,20,8
20.0,23.0,23.0,25.0,28.0,26.0,22.0,16.0,21.0,26.0,26.0,31.0,38.0,51.0,58.0,14.0,15.0,16.0,15.0,19.0,23.0,15.0,18.0,21.0,18.0,17.0,22.0,42.0,30,0,0,0,1,0,0,0,30,21,8
23.0,23.0,25.0,28.0,26.0,22.0,16.0,21.0,26.0,26.0,31.0,38.0,51.0,58.0,14.0,15.0,16.0,15.0,19.0,23.0,15.0,18.0,21.0,18.0,17.0,22.0,42.0,30.0,12,0,1,0,0,0,0,0,12,22,8
23.0,25.0,28.0,26.0,22.0,16.0,21.0,26.0,26.0,31.0,38.0,51.0,58.0,14.0,15.0,16.0,15.0,19.0,23.0,15.0,18.0,21.0,18.0,17.0,22.0,42.0,30.0,12.0,10,0,0,0,0,0,1,0,10,23,8
25.0,28.0,26.0,22.0,16.0,21.0,26.0,26.0,31.0,38.0,51.0,58.0,14.0,15.0,16.0,15.0,19.0,23.0,15.0,18.0,21.0,18.0,17.0,22.0,42.0,30.0,12.0,10.0,14,0,0,0,0,0,0,1,14,24,8
28.0,26.0,22.0,16.0,21.0,26.0,26.0,31.0,38.0,51.0,58.0,14.0,15.0,16.0,15.0,19.0,23.0,15.0,18.0,21.0,18.0,17.0,22.0,42.0,30.0,12.0,10.0,14.0,18,0,0,0,0,1,0,0,18,25,8
26.0,22.0,16.0,21.0,26.0,26.0,31.0,38.0,51.0,58.0,14.0,15.0,16.0,15.0,19.0,23.0,15.0,18.0,21.0,18.0,17.0,22.0,42.0,30.0,12.0,10.0,14.0,18.0,18,1,0,0,0,0,0,0,18,26,8
22.0,16.0,21.0,26.0,26.0,31.0,38.0,51.0,58.0,14.0,15.0,16.0,15.0,19.0,23.0,15.0,18.0,21.0,18.0,17.0,22.0,42.0,30.0,12.0,10.0,14.0,18.0,18.0,20,0,0,1,0,0,0,0,20,27,8
16.0,21.0,26.0,26.0,31.0,38.0,51.0,58.0,14.0,15.0,16.0,15.0,19.0,23.0,15.0,18.0,21.0,18.0,17.0,22.0,42.0,30.0,12.0,10.0,14.0,18.0,18.0,20.0,14,0,0,0,1,0,0,0,14,28,8
21.0,26.0,26.0,31.0,38.0,51.0,58.0,14.0,15.0,16.0,15.0,19.0,23.0,15.0,18.0,21.0,18.0,17.0,22.0,42.0,30.0,12.0,10.0,14.0,18.0,18.0,20.0,14.0,21,0,1,0,0,0,0,0,21,29,8
26.0,26.0,31.0,38.0,51.0,58.0,14.0,15.0,16.0,15.0,19.0,23.0,15.0,18.0,21.0,18.0,17.0,22.0,42.0,30.0,12.0,10.0,14.0,18.0,18.0,20.0,14.0,21.0,42,0,0,0,0,0,1,0,42,30,8
26.0,31.0,38.0,51.0,58.0,14.0,15.0,16.0,15.0,19.0,23.0,15.0,18.0,21.0,18.0,17.0,22.0,42.0,30.0,12.0,10.0,14.0,18.0,18.0,20.0,14.0,21.0,42.0,41,0,0,0,0,0,0,1,41,31,8
31.0,38.0,51.0,58.0,14.0,15.0,16.0,15.0,19.0,23.0,15.0,18.0,21.0,18.0,17.0,22.0,42.0,30.0,12.0,10.0,14.0,18.0,18.0,20.0,14.0,21.0,42.0,41.0,11,0,0,0,0,1,0,0,11,1,9
38.0,51.0,58.0,14.0,15.0,16.0,15.0,19.0,23.0,15.0,18.0,21.0,18.0,17.0,22.0,42.0,30.0,12.0,10.0,14.0,18.0,18.0,20.0,14.0,21.0,42.0,41.0,11.0,12,1,0,0,0,0,0,0,12,2,9
51.0,58.0,14.0,15.0,16.0,15.0,19.0,23.0,15.0,18.0,21.0,18.0,17.0,22.0,42.0,30.0,12.0,10.0,14.0,18.0,18.0,20.0,14.0,21.0,42.0,41.0,11.0,12.0,6,0,0,1,0,0,0,0,6,3,9
58.0,14.0,15.0,16.0,15.0,19.0,23.0,15.0,18.0,21.0,18.0,17.0,22.0,42.0,30.0,12.0,10.0,14.0,18.0,18.0,20.0,14.0,21.0,42.0,41.0,11.0,12.0,6.0,7,0,0,0,1,0,0,0,7,4,9
14.0,15.0,16.0,15.0,19.0,23.0,15.0,18.0,21.0,18.0,17.0,22.0,42.0,30.0,12.0,10.0,14.0,18.0,18.0,20.0,14.0,21.0,42.0,41.0,11.0,12.0,6.0,7.0,9,0,1,0,0,0,0,0,9,5,9
15.0,16.0,15.0,19.0,23.0,15.0,18.0,21.0,18.0,17.0,22.0,42.0,30.0,12.0,10.0,14.0,18.0,18.0,20.0,14.0,21.0,42.0,41.0,11.0,12.0,6.0,7.0,9.0,8,0,0,0,0,0,1,0,8,6,9
16.0,15.0,19.0,23.0,15.0,18.0,21.0,18.0,17.0,22.0,42.0,30.0,12.0,10.0,14.0,18.0,18.0,20.0,14.0,21.0,42.0,41.0,11.0,12.0,6.0,7.0,9.0,8.0,8,0,0,0,0,0,0,1,8,7,9
15.0,19.0,23.0,15.0,18.0,21.0,18.0,17.0,22.0,42.0,30.0,12.0,10.0,14.0,18.0,18.0,20.0,14.0,21.0,42.0,41.0,11.0,12.0,6.0,7.0,9.0,8.0,8.0,7,0,0,0,0,1,0,0,7,8,9
19.0,23.0,15.0,18.0,21.0,18.0,17.0,22.0,42.0,30.0,12.0,10.0,14.0,18.0,18.0,20.0,14.0,21.0,42.0,41.0,11.0,12.0,6.0,7.0,9.0,8.0,8.0,7.0,11,1,0,0,0,0,0,0,11,9,9
23.0,15.0,18.0,21.0,18.0,17.0,22.0,42.0,30.0,12.0,10.0,14.0,18.0,18.0,20.0,14.0,21.0,42.0,41.0,11.0,12.0,6.0,7.0,9.0,8.0,8.0,7.0,11.0,13,0,0,1,0,0,0,0,13,10,9
15.0,18.0,21.0,18.0,17.0,22.0,42.0,30.0,12.0,10.0,14.0,18.0,18.0,20.0,14.0,21.0,42.0,41.0,11.0,12.0,6.0,7.0,9.0,8.0,8.0,7.0,11.0,13.0,7,0,0,0,1,0,0,0,7,11,9
18.0,21.0,18.0,17.0,22.0,42.0,30.0,12.0,10.0,14.0,18.0,18.0,20.0,14.0,21.0,42.0,41.0,11.0,12.0,6.0,7.0,9.0,8.0,8.0,7.0,11.0,13.0,7.0,8,0,1,0,0,0,0,0,8,12,9
21.0,18.0,17.0,22.0,42.0,30.0,12.0,10.0,14.0,18.0,18.0,20.0,14.0,21.0,42.0,41.0,11.0,12.0,6.0,7.0,9.0,8.0,8.0,7.0,11.0,13.0,7.0,8.0,10,0,0,0,0,0,1,0,10,13,9
18.0,17.0,22.0,42.0,30.0,12.0,10.0,14.0,18.0,18.0,20.0,14.0,21.0,42.0,41.0,11.0,12.0,6.0,7.0,9.0,8.0,8.0,7.0,11.0,13.0,7.0,8.0,10.0,15,0,0,0,0,0,0,1,15,14,9
17.0,22.0,42.0,30.0,12.0,10.0,14.0,18.0,18.0,20.0,14.0,21.0,42.0,41.0,11.0,12.0,6.0,7.0,9.0,8.0,8.0,7.0,11.0,13.0,7.0,8.0,10.0,15.0,20,0,0,0,0,1,0,0,20,15,9
22.0,42.0,30.0,12.0,10.0,14.0,18.0,18.0,20.0,14.0,21.0,42.0,41.0,11.0,12.0,6.0,7.0,9.0,8.0,8.0,7.0,11.0,13.0,7.0,8.0,10.0,15.0,20.0,16,1,0,0,0,0,0,0,16,16,9
42.0,30.0,12.0,10.0,14.0,18.0,18.0,20.0,14.0,21.0,42.0,41.0,11.0,12.0,6.0,7.0,9.0,8.0,8.0,7.0,11.0,13.0,7.0,8.0,10.0,15.0,20.0,16.0,6,0,0,1,0,0,0,0,6,17,9
30.0,12.0,10.0,14.0,18.0,18.0,20.0,14.0,21.0,42.0,41.0,11.0,12.0,6.0,7.0,9.0,8.0,8.0,7.0,11.0,13.0,7.0,8.0,10.0,15.0,20.0,16.0,6.0,10,0,0,0,1,0,0,0,10,18,9
12.0,10.0,14.0,18.0,18.0,20.0,14.0,21.0,42.0,41.0,11.0,12.0,6.0,7.0,9.0,8.0,8.0,7.0,11.0,13.0,7.0,8.0,10.0,15.0,20.0,16.0,6.0,10.0,11,0,1,0,0,0,0,0,11,19,9
10.0,14.0,18.0,18.0,20.0,14.0,21.0,42.0,41.0,11.0,12.0,6.0,7.0,9.0,8.0,8.0,7.0,11.0,13.0,7.0,8.0,10.0,15.0,20.0,16.0,6.0,10.0,11.0,15,0,0,0,0,0,1,0,15,20,9
14.0,18.0,18.0,20.0,14.0,21.0,42.0,41.0,11.0,12.0,6.0,7.0,9.0,8.0,8.0,7.0,11.0,13.0,7.0,8.0,10.0,15.0,20.0,16.0,6.0,10.0,11.0,15.0,12,0,0,0,0,0,0,1,12,21,9
18.0,18.0,20.0,14.0,21.0,42.0,41.0,11.0,12.0,6.0,7.0,9.0,8.0,8.0,7.0,11.0,13.0,7.0,8.0,10.0,15.0,20.0,16.0,6.0,10.0,11.0,15.0,12.0,14,0,0,0,0,1,0,0,14,22,9
18.0,20.0,14.0,21.0,42.0,41.0,11.0,12.0,6.0,7.0,9.0,8.0,8.0,7.0,11.0,13.0,7.0,8.0,10.0,15.0,20.0,16.0,6.0,10.0,11.0,15.0,12.0,14.0,35,1,0,0,0,0,0,0,35,23,9
20.0,14.0,21.0,42.0,41.0,11.0,12.0,6.0,7.0,9.0,8.0,8.0,7.0,11.0,13.0,7.0,8.0,10.0,15.0,20.0,16.0,6.0,10.0,11.0,15.0,12.0,14.0,35.0,18,0,0,1,0,0,0,0,18,24,9
14.0,21.0,42.0,41.0,11.0,12.0,6.0,7.0,9.0,8.0,8.0,7.0,11.0,13.0,7.0,8.0,10.0,15.0,20.0,16.0,6.0,10.0,11.0,15.0,12.0,14.0,35.0,18.0,16,0,0,0,1,0,0,0,16,25,9
21.0,42.0,41.0,11.0,12.0,6.0,7.0,9.0,8.0,8.0,7.0,11.0,13.0,7.0,8.0,10.0,15.0,20.0,16.0,6.0,10.0,11.0,15.0,12.0,14.0,35.0,18.0,16.0,17,0,1,0,0,0,0,0,17,26,9
42.0,41.0,11.0,12.0,6.0,7.0,9.0,8.0,8.0,7.0,11.0,13.0,7.0,8.0,10.0,15.0,20.0,16.0,6.0,10.0,11.0,15.0,12.0,14.0,35.0,18.0,16.0,17.0,14,0,0,0,0,0,1,0,14,27,9
41.0,11.0,12.0,6.0,7.0,9.0,8.0,8.0,7.0,11.0,13.0,7.0,8.0,10.0,15.0,20.0,16.0,6.0,10.0,11.0,15.0,12.0,14.0,35.0,18.0,16.0,17.0,14.0,16,0,0,0,0,0,0,1,16,28,9
11.0,12.0,6.0,7.0,9.0,8.0,8.0,7.0,11.0,13.0,7.0,8.0,10.0,15.0,20.0,16.0,6.0,10.0,11.0,15.0,12.0,14.0,35.0,18.0,16.0,17.0,14.0,16.0,29,0,0,0,0,1,0,0,29,29,9
12.0,6.0,7.0,9.0,8.0,8.0,7.0,11.0,13.0,7.0,8.0,10.0,15.0,20.0,16.0,6.0,10.0,11.0,15.0,12.0,14.0,35.0,18.0,16.0,17.0,14.0,16.0,29.0,32,1,0,0,0,0,0,0,32,30,9
6.0,7.0,9.0,8.0,8.0,7.0,11.0,13.0,7.0,8.0,10.0,15.0,20.0,16.0,6.0,10.0,11.0,15.0,12.0,14.0,35.0,18.0,16.0,17.0,14.0,16.0,29.0,32.0,20,0,0,1,0,0,0,0,20,1,10
7.0,9.0,8.0,8.0,7.0,11.0,13.0,7.0,8.0,10.0,15.0,20.0,16.0,6.0,10.0,11.0,15.0,12.0,14.0,35.0,18.0,16.0,17.0,14.0,16.0,29.0,32.0,20.0,14,0,0,0,1,0,0,0,14,2,10
9.0,8.0,8.0,7.0,11.0,13.0,7.0,8.0,10.0,15.0,20.0,16.0,6.0,10.0,11.0,15.0,12.0,14.0,35.0,18.0,16.0,17.0,14.0,16.0,29.0,32.0,20.0,14.0,19,0,1,0,0,0,0,0,19,3,10
8.0,8.0,7.0,11.0,13.0,7.0,8.0,10.0,15.0,20.0,16.0,6.0,10.0,11.0,15.0,12.0,14.0,35.0,18.0,16.0,17.0,14.0,16.0,29.0,32.0,20.0,14.0,19.0,19,0,0,0,0,0,1,0,19,4,10
8.0,7.0,11.0,13.0,7.0,8.0,10.0,15.0,20.0,16.0,6.0,10.0,11.0,15.0,12.0,14.0,35.0,18.0,16.0,17.0,14.0,16.0,29.0,32.0,20.0,14.0,19.0,19.0,17,0,0,0,0,0,0,1,17,5,10
7.0,11.0,13.0,7.0,8.0,10.0,15.0,20.0,16.0,6.0,10.0,11.0,15.0,12.0,14.0,35.0,18.0,16.0,17.0,14.0,16.0,29.0,32.0,20.0,14.0,19.0,19.0,17.0,20,0,0,0,0,1,0,0,20,6,10
11.0,13.0,7.0,8.0,10.0,15.0,20.0,16.0,6.0,10.0,11.0,15.0,12.0,14.0,35.0,18.0,16.0,17.0,14.0,16.0,29.0,32.0,20.0,14.0,19.0,19.0,17.0,20.0,15,1,0,0,0,0,0,0,15,7,10
13.0,7.0,8.0,10.0,15.0,20.0,16.0,6.0,10.0,11.0,15.0,12.0,14.0,35.0,18.0,16.0,17.0,14.0,16.0,29.0,32.0,20.0,14.0,19.0,19.0,17.0,20.0,15.0,32,0,0,1,0,0,0,0,32,8,10
7.0,8.0,10.0,15.0,20.0,16.0,6.0,10.0,11.0,15.0,12.0,14.0,35.0,18.0,16.0,17.0,14.0,16.0,29.0,32.0,20.0,14.0,19.0,19.0,17.0,20.0,15.0,32.0,23,0,0,0,1,0,0,0,23,9,10
8.0,10.0,15.0,20.0,16.0,6.0,10.0,11.0,15.0,12.0,14.0,35.0,18.0,16.0,17.0,14.0,16.0,29.0,32.0,20.0,14.0,19.0,19.0,17.0,20.0,15.0,32.0,23.0,14,0,1,0,0,0,0,0,14,10,10
10.0,15.0,20.0,16.0,6.0,10.0,11.0,15.0,12.0,14.0,35.0,18.0,16.0,17.0,14.0,16.0,29.0,32.0,20.0,14.0,19.0,19.0,17.0,20.0,15.0,32.0,23.0,14.0,24,0,0,0,0,0,1,0,24,11,10
15.0,20.0,16.0,6.0,10.0,11.0,15.0,12.0,14.0,35.0,18.0,16.0,17.0,14.0,16.0,29.0,32.0,20.0,14.0,19.0,19.0,17.0,20.0,15.0,32.0,23.0,14.0,24.0,50,0,0,0,0,0,0,1,50,12,10
20.0,16.0,6.0,10.0,11.0,15.0,12.0,14.0,35.0,18.0,16.0,17.0,14.0,16.0,29.0,32.0,20.0,14.0,19.0,19.0,17.0,20.0,15.0,32.0,23.0,14.0,24.0,50.0,55,0,0,0,0,1,0,0,55,13,10
16.0,6.0,10.0,11.0,15.0,12.0,14.0,35.0,18.0,16.0,17.0,14.0,16.0,29.0,32.0,20.0,14.0,19.0,19.0,17.0,20.0,15.0,32.0,23.0,14.0,24.0,50.0,55.0,29,1,0,0,0,0,0,0,29,14,10
6.0,10.0,11.0,15.0,12.0,14.0,35.0,18.0,16.0,17.0,14.0,16.0,29.0,32.0,20.0,14.0,19.0,19.0,17.0,20.0,15.0,32.0,23.0,14.0,24.0,50.0,55.0,29.0,33,0,0,1,0,0,0,0,33,15,10
10.0,11.0,15.0,12.0,14.0,35.0,18.0,16.0,17.0,14.0,16.0,29.0,32.0,20.0,14.0,19.0,19.0,17.0,20.0,15.0,32.0,23.0,14.0,24.0,50.0,55.0,29.0,33.0,33,0,0,0,1,0,0,0,33,16,10
11.0,15.0,12.0,14.0,35.0,18.0,16.0,17.0,14.0,16.0,29.0,32.0,20.0,14.0,19.0,19.0,17.0,20.0,15.0,32.0,23.0,14.0,24.0,50.0,55.0,29.0,33.0,33.0,23,0,1,0,0,0,0,0,23,17,10
15.0,12.0,14.0,35.0,18.0,16.0,17.0,14.0,16.0,29.0,32.0,20.0,14.0,19.0,19.0,17.0,20.0,15.0,32.0,23.0,14.0,24.0,50.0,55.0,29.0,33.0,33.0,23.0,45,0,0,0,0,0,1,0,45,18,10
12.0,14.0,35.0,18.0,16.0,17.0,14.0,16.0,29.0,32.0,20.0,14.0,19.0,19.0,17.0,20.0,15.0,32.0,23.0,14.0,24.0,50.0,55.0,29.0,33.0,33.0,23.0,45.0,36,0,0,0,0,0,0,1,36,19,10
14.0,35.0,18.0,16.0,17.0,14.0,16.0,29.0,32.0,20.0,14.0,19.0,19.0,17.0,20.0,15.0,32.0,23.0,14.0,24.0,50.0,55.0,29.0,33.0,33.0,23.0,45.0,36.0,23,0,0,0,0,1,0,0,23,20,10
35.0,18.0,16.0,17.0,14.0,16.0,29.0,32.0,20.0,14.0,19.0,19.0,17.0,20.0,15.0,32.0,23.0,14.0,24.0,50.0,55.0,29.0,33.0,33.0,23.0,45.0,36.0,23.0,41,1,0,0,0,0,0,0,41,21,10
18.0,16.0,17.0,14.0,16.0,29.0,32.0,20.0,14.0,19.0,19.0,17.0,20.0,15.0,32.0,23.0,14.0,24.0,50.0,55.0,29.0,33.0,33.0,23.0,45.0,36.0,23.0,41.0,47,0,0,1,0,0,0,0,47,22,10
16.0,17.0,14.0,16.0,29.0,32.0,20.0,14.0,19.0,19.0,17.0,20.0,15.0,32.0,23.0,14.0,24.0,50.0,55.0,29.0,33.0,33.0,23.0,45.0,36.0,23.0,41.0,47.0,53,0,0,0,1,0,0,0,53,23,10
17.0,14.0,16.0,29.0,32.0,20.0,14.0,19.0,19.0,17.0,20.0,15.0,32.0,23.0,14.0,24.0,50.0,55.0,29.0,33.0,33.0,23.0,45.0,36.0,23.0,41.0,47.0,53.0,44,0,1,0,0,0,0,0,44,24,10
14.0,16.0,29.0,32.0,20.0,14.0,19.0,19.0,17.0,20.0,15.0,32.0,23.0,14.0,24.0,50.0,55.0,29.0,33.0,33.0,23.0,45.0,36.0,23.0,41.0,47.0,53.0,44.0,27,0,0,0,0,0,1,0,27,25,10
16.0,29.0,32.0,20.0,14.0,19.0,19.0,17.0,20.0,15.0,32.0,23.0,14.0,24.0,50.0,55.0,29.0,33.0,33.0,23.0,45.0,36.0,23.0,41.0,47.0,53.0,44.0,27.0,52,0,0,0,0,0,0,1,52,26,10
29.0,32.0,20.0,14.0,19.0,19.0,17.0,20.0,15.0,32.0,23.0,14.0,24.0,50.0,55.0,29.0,33.0,33.0,23.0,45.0,36.0,23.0,41.0,47.0,53.0,44.0,27.0,52.0,28,0,0,0,0,1,0,0,28,27,10
32.0,20.0,14.0,19.0,19.0,17.0,20.0,15.0,32.0,23.0,14.0,24.0,50.0,55.0,29.0,33.0,33.0,23.0,45.0,36.0,23.0,41.0,47.0,53.0,44.0,27.0,52.0,28.0,53,1,0,0,0,0,0,0,53,28,10
20.0,14.0,19.0,19.0,17.0,20.0,15.0,32.0,23.0,14.0,24.0,50.0,55.0,29.0,33.0,33.0,23.0,45.0,36.0,23.0,41.0,47.0,53.0,44.0,27.0,52.0,28.0,53.0,61,0,0,1,0,0,0,0,61,29,10
14.0,19.0,19.0,17.0,20.0,15.0,32.0,23.0,14.0,24.0,50.0,55.0,29.0,33.0,33.0,23.0,45.0,36.0,23.0,41.0,47.0,53.0,44.0,27.0,52.0,28.0,53.0,61.0,46,0,0,0,1,0,0,0,46,30,10
19.0,19.0,17.0,20.0,15.0,32.0,23.0,14.0,24.0,50.0,55.0,29.0,33.0,33.0,23.0,45.0,36.0,23.0,41.0,47.0,53.0,44.0,27.0,52.0,28.0,53.0,61.0,46.0,35,0,1,0,0,0,0,0,35,31,10
19.0,17.0,20.0,15.0,32.0,23.0,14.0,24.0,50.0,55.0,29.0,33.0,33.0,23.0,45.0,36.0,23.0,41.0,47.0,53.0,44.0,27.0,52.0,28.0,53.0,61.0,46.0,35.0,24,0,0,0,0,0,1,0,24,1,11
17.0,20.0,15.0,32.0,23.0,14.0,24.0,50.0,55.0,29.0,33.0,33.0,23.0,45.0,36.0,23.0,41.0,47.0,53.0,44.0,27.0,52.0,28.0,53.0,61.0,46.0,35.0,24.0,45,0,0,0,0,0,0,1,45,2,11
20.0,15.0,32.0,23.0,14.0,24.0,50.0,55.0,29.0,33.0,33.0,23.0,45.0,36.0,23.0,41.0,47.0,53.0,44.0,27.0,52.0,28.0,53.0,61.0,46.0,35.0,24.0,45.0,57,0,0,0,0,1,0,0,57,3,11
15.0,32.0,23.0,14.0,24.0,50.0,55.0,29.0,33.0,33.0,23.0,45.0,36.0,23.0,41.0,47.0,53.0,44.0,27.0,52.0,28.0,53.0,61.0,46.0,35.0,24.0,45.0,57.0,87,1,0,0,0,0,0,0,87,4,11
32.0,23.0,14.0,24.0,50.0,55.0,29.0,33.0,33.0,23.0,45.0,36.0,23.0,41.0,47.0,53.0,44.0,27.0,52.0,28.0,53.0,61.0,46.0,35.0,24.0,45.0,57.0,87.0,74,0,0,1,0,0,0,0,74,5,11
23.0,14.0,24.0,50.0,55.0,29.0,33.0,33.0,23.0,45.0,36.0,23.0,41.0,47.0,53.0,44.0,27.0,52.0,28.0,53.0,61.0,46.0,35.0,24.0,45.0,57.0,87.0,74.0,54,0,0,0,1,0,0,0,54,6,11
14.0,24.0,50.0,55.0,29.0,33.0,33.0,23.0,45.0,36.0,23.0,41.0,47.0,53.0,44.0,27.0,52.0,28.0,53.0,61.0,46.0,35.0,24.0,45.0,57.0,87.0,74.0,54.0,52,0,1,0,0,0,0,0,52,7,11
24.0,50.0,55.0,29.0,33.0,33.0,23.0,45.0,36.0,23.0,41.0,47.0,53.0,44.0,27.0,52.0,28.0,53.0,61.0,46.0,35.0,24.0,45.0,57.0,87.0,74.0,54.0,52.0,62,0,0,0,0,0,1,0,62,8,11
50.0,55.0,29.0,33.0,33.0,23.0,45.0,36.0,23.0,41.0,47.0,53.0,44.0,27.0,52.0,28.0,53.0,61.0,46.0,35.0,24.0,45.0,57.0,87.0,74.0,54.0,52.0,62.0,68,0,0,0,0,0,0,1,68,9,11
55.0,29.0,33.0,33.0,23.0,45.0,36.0,23.0,41.0,47.0,53.0,44.0,27.0,52.0,28.0,53.0,61.0,46.0,35.0,24.0,45.0,57.0,87.0,74.0,54.0,52.0,62.0,68.0,75,0,0,0,0,1,0,0,75,10,11
29.0,33.0,33.0,23.0,45.0,36.0,23.0,41.0,47.0,53.0,44.0,27.0,52.0,28.0,53.0,61.0,46.0,35.0,24.0,45.0,57.0,87.0,74.0,54.0,52.0,62.0,68.0,75.0,77,1,0,0,0,0,0,0,77,11,11
33.0,33.0,23.0,45.0,36.0,23.0,41.0,47.0,53.0,44.0,27.0,52.0,28.0,53.0,61.0,46.0,35.0,24.0,45.0,57.0,87.0,74.0,54.0,52.0,62.0,68.0,75.0,77.0,57,0,0,1,0,0,0,0,57,12,11
33.0,23.0,45.0,36.0,23.0,41.0,47.0,53.0,44.0,27.0,52.0,28.0,53.0,61.0,46.0,35.0,24.0,45.0,57.0,87.0,74.0,54.0,52.0,62.0,68.0,75.0,77.0,57.0,34,0,0,0,1,0,0,0,34,13,11
23.0,45.0,36.0,23.0,41.0,47.0,53.0,44.0,27.0,52.0,28.0,53.0,61.0,46.0,35.0,24.0,45.0,57.0,87.0,74.0,54.0,52.0,62.0,68.0,75.0,77.0,57.0,34.0,20,0,1,0,0,0,0,0,20,14,11
45.0,36.0,23.0,41.0,47.0,53.0,44.0,27.0,52.0,28.0,53.0,61.0,46.0,35.0,24.0,45.0,57.0,87.0,74.0,54.0,52.0,62.0,68.0,75.0,77.0,57.0,34.0,20.0,38,0,0,0,0,0,1,0,38,15,11
36.0,23.0,41.0,47.0,53.0,44.0,27.0,52.0,28.0,53.0,61.0,46.0,35.0,24.0,45.0,57.0,87.0,74.0,54.0,52.0,62.0,68.0,75.0,77.0,57.0,34.0,20.0,38.0,58,0,0,0,0,0,0,1,58,16,11
23.0,41.0,47.0,53.0,44.0,27.0,52.0,28.0,53.0,61.0,46.0,35.0,24.0,45.0,57.0,87.0,74.0,54.0,52.0,62.0,68.0,75.0,77.0,57.0,34.0,20.0,38.0,58.0,60,0,0,0,0,1,0,0,60,17,11
41.0,47.0,53.0,44.0,27.0,52.0,28.0,53.0,61.0,46.0,35.0,24.0,45.0,57.0,87.0,74.0,54.0,52.0,62.0,68.0,75.0,77.0,57.0,34.0,20.0,38.0,58.0,60.0,58,1,0,0,0,0,0,0,58,18,11
47.0,53.0,44.0,27.0,52.0,28.0,53.0,61.0,46.0,35.0,24.0,45.0,57.0,87.0,74.0,54.0,52.0,62.0,68.0,75.0,77.0,57.0,34.0,20.0,38.0,58.0,60.0,58.0,72,0,0,1,0,0,0,0,72,19,11
53.0,44.0,27.0,52.0,28.0,53.0,61.0,46.0,35.0,24.0,45.0,57.0,87.0,74.0,54.0,52.0,62.0,68.0,75.0,77.0,57.0,34.0,20.0,38.0,58.0,60.0,58.0,72.0,86,0,0,0,1,0,0,0,86,20,11
44.0,27.0,52.0,28.0,53.0,61.0,46.0,35.0,24.0,45.0,57.0,87.0,74.0,54.0,52.0,62.0,68.0,75.0,77.0,57.0,34.0,20.0,38.0,58.0,60.0,58.0,72.0,86.0,33,0,1,0,0,0,0,0,33,21,11
27.0,52.0,28.0,53.0,61.0,46.0,35.0,24.0,45.0,57.0,87.0,74.0,54.0,52.0,62.0,68.0,75.0,77.0,57.0,34.0,20.0,38.0,58.0,60.0,58.0,72.0,86.0,33.0,25,0,0,0,0,0,1,0,25,22,11
52.0,28.0,53.0,61.0,46.0,35.0,24.0,45.0,57.0,87.0,74.0,54.0,52.0,62.0,68.0,75.0,77.0,57.0,34.0,20.0,38.0,58.0,60.0,58.0,72.0,86.0,33.0,25.0,48,0,0,0,0,0,0,1,48,23,11
28.0,53.0,61.0,46.0,35.0,24.0,45.0,57.0,87.0,74.0,54.0,52.0,62.0,68.0,75.0,77.0,57.0,34.0,20.0,38.0,58.0,60.0,58.0,72.0,86.0,33.0,25.0,48.0,25,0,0,0,0,1,0,0,25,24,11
53.0,61.0,46.0,35.0,24.0,45.0,57.0,87.0,74.0,54.0,52.0,62.0,68.0,75.0,77.0,57.0,34.0,20.0,38.0,58.0,60.0,58.0,72.0,86.0,33.0,25.0,48.0,25.0,25,1,0,0,0,0,0,0,25,25,11
61.0,46.0,35.0,24.0,45.0,57.0,87.0,74.0,54.0,52.0,62.0,68.0,75.0,77.0,57.0,34.0,20.0,38.0,58.0,60.0,58.0,72.0,86.0,33.0,25.0,48.0,25.0,25.0,36,0,0,1,0,0,0,0,36,26,11
46.0,35.0,24.0,45.0,57.0,87.0,74.0,54.0,52.0,62.0,68.0,75.0,77.0,57.0,34.0,20.0,38.0,58.0,60.0,58.0,72.0,86.0,33.0,25.0,48.0,25.0,25.0,36.0,41,0,0,0,1,0,0,0,41,27,11
35.0,24.0,45.0,57.0,87.0,74.0,54.0,52.0,62.0,68.0,75.0,77.0,57.0,34.0,20.0,38.0,58.0,60.0,58.0,72.0,86.0,33.0,25.0,48.0,25.0,25.0,36.0,41.0,37,0,1,0,0,0,0,0,37,28,11
24.0,45.0,57.0,87.0,74.0,54.0,52.0,62.0,68.0,75.0,77.0,57.0,34.0,20.0,38.0,58.0,60.0,58.0,72.0,86.0,33.0,25.0,48.0,25.0,25.0,36.0,41.0,37.0,92,0,0,0,0,0,1,0,92,29,11
45.0,57.0,87.0,74.0,54.0,52.0,62.0,68.0,75.0,77.0,57.0,34.0,20.0,38.0,58.0,60.0,58.0,72.0,86.0,33.0,25.0,48.0,25.0,25.0,36.0,41.0,37.0,92.0,51,0,0,0,0,0,0,1,51,30,11
57.0,87.0,74.0,54.0,52.0,62.0,68.0,75.0,77.0,57.0,34.0,20.0,38.0,58.0,60.0,58.0,72.0,86.0,33.0,25.0,48.0,25.0,25.0,36.0,41.0,37.0,92.0,51.0,63,0,0,0,0,1,0,0,63,1,12
87.0,74.0,54.0,52.0,62.0,68.0,75.0,77.0,57.0,34.0,20.0,38.0,58.0,60.0,58.0,72.0,86.0,33.0,25.0,48.0,25.0,25.0,36.0,41.0,37.0,92.0,51.0,63.0,61,1,0,0,0,0,0,0,61,2,12
74.0,54.0,52.0,62.0,68.0,75.0,77.0,57.0,34.0,20.0,38.0,58.0,60.0,58.0,72.0,86.0,33.0,25.0,48.0,25.0,25.0,36.0,41.0,37.0,92.0,51.0,63.0,61.0,63,0,0,1,0,0,0,0,63,3,12
54.0,52.0,62.0,68.0,75.0,77.0,57.0,34.0,20.0,38.0,58.0,60.0,58.0,72.0,86.0,33.0,25.0,48.0,25.0,25.0,36.0,41.0,37.0,92.0,51.0,63.0,61.0,63.0,77,0,0,0,1,0,0,0,77,4,12
52.0,62.0,68.0,75.0,77.0,57.0,34.0,20.0,38.0,58.0,60.0,58.0,72.0,86.0,33.0,25.0,48.0,25.0,25.0,36.0,41.0,37.0,92.0,51.0,63.0,61.0,63.0,77.0,74,0,1,0,0,0,0,0,74,5,12
62.0,68.0,75.0,77.0,57.0,34.0,20.0,38.0,58.0,60.0,58.0,72.0,86.0,33.0,25.0,48.0,25.0,25.0,36.0,41.0,37.0,92.0,51.0,63.0,61.0,63.0,77.0,74.0,45,0,0,0,0,0,1,0,45,6,12
68.0,75.0,77.0,57.0,34.0,20.0,38.0,58.0,60.0,58.0,72.0,86.0,33.0,25.0,48.0,25.0,25.0,36.0,41.0,37.0,92.0,51.0,63.0,61.0,63.0,77.0,74.0,45.0,40,0,0,0,0,0,0,1,40,7,12
75.0,77.0,57.0,34.0,20.0,38.0,58.0,60.0,58.0,72.0,86.0,33.0,25.0,48.0,25.0,25.0,36.0,41.0,37.0,92.0,51.0,63.0,61.0,63.0,77.0,74.0,45.0,40.0,58,0,0,0,0,1,0,0,58,8,12
77.0,57.0,34.0,20.0,38.0,58.0,60.0,58.0,72.0,86.0,33.0,25.0,48.0,25.0,25.0,36.0,41.0,37.0,92.0,51.0,63.0,61.0,63.0,77.0,74.0,45.0,40.0,58.0,56,1,0,0,0,0,0,0,56,9,12
57.0,34.0,20.0,38.0,58.0,60.0,58.0,72.0,86.0,33.0,25.0,48.0,25.0,25.0,36.0,41.0,37.0,92.0,51.0,63.0,61.0,63.0,77.0,74.0,45.0,40.0,58.0,56.0,62,0,0,1,0,0,0,0,62,10,12
34.0,20.0,38.0,58.0,60.0,58.0,72.0,86.0,33.0,25.0,48.0,25.0,25.0,36.0,41.0,37.0,92.0,51.0,63.0,61.0,63.0,77.0,74.0,45.0,40.0,58.0,56.0,62.0,52,0,0,0,1,0,0,0,52,11,12
20.0,38.0,58.0,60.0,58.0,72.0,86.0,33.0,25.0,48.0,25.0,25.0,36.0,41.0,37.0,92.0,51.0,63.0,61.0,63.0,77.0,74.0,45.0,40.0,58.0,56.0,62.0,52.0,45,0,1,0,0,0,0,0,45,12,12
38.0,58.0,60.0,58.0,72.0,86.0,33.0,25.0,48.0,25.0,25.0,36.0,41.0,37.0,92.0,51.0,63.0,61.0,63.0,77.0,74.0,45.0,40.0,58.0,56.0,62.0,52.0,45.0,57,0,0,0,0,0,1,0,57,13,12
58.0,60.0,58.0,72.0,86.0,33.0,25.0,48.0,25.0,25.0,36.0,41.0,37.0,92.0,51.0,63.0,61.0,63.0,77.0,74.0,45.0,40.0,58.0,56.0,62.0,52.0,45.0,57.0,57,0,0,0,0,0,0,1,57,14,12
60.0,58.0,72.0,86.0,33.0,25.0,48.0,25.0,25.0,36.0,41.0,37.0,92.0,51.0,63.0,61.0,63.0,77.0,74.0,45.0,40.0,58.0,56.0,62.0,52.0,45.0,57.0,57.0,54,0,0,0,0,1,0,0,54,15,12
58.0,72.0,86.0,33.0,25.0,48.0,25.0,25.0,36.0,41.0,37.0,92.0,51.0,63.0,61.0,63.0,77.0,74.0,45.0,40.0,58.0,56.0,62.0,52.0,45.0,57.0,57.0,54.0,63,1,0,0,0,0,0,0,63,16,12
72.0,86.0,33.0,25.0,48.0,25.0,25.0,36.0,41.0,37.0,92.0,51.0,63.0,61.0,63.0,77.0,74.0,45.0,40.0,58.0,56.0,62.0,52.0,45.0,57.0,57.0,54.0,63.0,70,0,0,1,0,0,0,0,70,17,12
86.0,33.0,25.0,48.0,25.0,25.0,36.0,41.0,37.0,92.0,51.0,63.0,61.0,63.0,77.0,74.0,45.0,40.0,58.0,56.0,62.0,52.0,45.0,57.0,57.0,54.0,63.0,70.0,62,0,0,0,1,0,0,0,62,18,12
33.0,25.0,48.0,25.0,25.0,36.0,41.0,37.0,92.0,51.0,63.0,61.0,63.0,77.0,74.0,45.0,40.0,58.0,56.0,62.0,52.0,45.0,57.0,57.0,54.0,63.0,70.0,62.0,58,0,1,0,0,0,0,0,58,19,12
25.0,48.0,25.0,25.0,36.0,41.0,37.0,92.0,51.0,63.0,61.0,63.0,77.0,74.0,45.0,40.0,58.0,56.0,62.0,52.0,45.0,57.0,57.0,54.0,63.0,70.0,62.0,58.0,52,0,0,0,0,0,1,0,52,20,12
48.0,25.0,25.0,36.0,41.0,37.0,92.0,51.0,63.0,61.0,63.0,77.0,74.0,45.0,40.0,58.0,56.0,62.0,52.0,45.0,57.0,57.0,54.0,63.0,70.0,62.0,58.0,52.0,76,0,0,0,0,0,0,1,76,21,12
25.0,25.0,36.0,41.0,37.0,92.0,51.0,63.0,61.0,63.0,77.0,74.0,45.0,40.0,58.0,56.0,62.0,52.0,45.0,57.0,57.0,54.0,63.0,70.0,62.0,58.0,52.0,76.0,63,0,0,0,0,1,0,0,63,22,12
25.0,36.0,41.0,37.0,92.0,51.0,63.0,61.0,63.0,77.0,74.0,45.0,40.0,58.0,56.0,62.0,52.0,45.0,57.0,57.0,54.0,63.0,70.0,62.0,58.0,52.0,76.0,63.0,74,1,0,0,0,0,0,0,74,23,12
36.0,41.0,37.0,92.0,51.0,63.0,61.0,63.0,77.0,74.0,45.0,40.0,58.0,56.0,62.0,52.0,45.0,57.0,57.0,54.0,63.0,70.0,62.0,58.0,52.0,76.0,63.0,74.0,64,0,0,1,0,0,0,0,64,24,12
41.0,37.0,92.0,51.0,63.0,61.0,63.0,77.0,74.0,45.0,40.0,58.0,56.0,62.0,52.0,45.0,57.0,57.0,54.0,63.0,70.0,62.0,58.0,52.0,76.0,63.0,74.0,64.0,68,0,0,0,1,0,0,0,68,25,12
37.0,92.0,51.0,63.0,61.0,63.0,77.0,74.0,45.0,40.0,58.0,56.0,62.0,52.0,45.0,57.0,57.0,54.0,63.0,70.0,62.0,58.0,52.0,76.0,63.0,74.0,64.0,68.0,61,0,1,0,0,0,0,0,61,26,12
92.0,51.0,63.0,61.0,63.0,77.0,74.0,45.0,40.0,58.0,56.0,62.0,52.0,45.0,57.0,57.0,54.0,63.0,70.0,62.0,58.0,52.0,76.0,63.0,74.0,64.0,68.0,61.0,72,0,0,0,0,0,1,0,72,27,12
51.0,63.0,61.0,63.0,77.0,74.0,45.0,40.0,58.0,56.0,62.0,52.0,45.0,57.0,57.0,54.0,63.0,70.0,62.0,58.0,52.0,76.0,63.0,74.0,64.0,68.0,61.0,72.0,81,0,0,0,0,0,0,1,81,28,12
63.0,61.0,63.0,77.0,74.0,45.0,40.0,58.0,56.0,62.0,52.0,45.0,57.0,57.0,54.0,63.0,70.0,62.0,58.0,52.0,76.0,63.0,74.0,64.0,68.0,61.0,72.0,81.0,73,0,0,0,0,1,0,0,73,29,12
61.0,63.0,77.0,74.0,45.0,40.0,58.0,56.0,62.0,52.0,45.0,57.0,57.0,54.0,63.0,70.0,62.0,58.0,52.0,76.0,63.0,74.0,64.0,68.0,61.0,72.0,81.0,73.0,85,1,0,0,0,0,0,0,85,30,12
63.0,77.0,74.0,45.0,40.0,58.0,56.0,62.0,52.0,45.0,57.0,57.0,54.0,63.0,70.0,62.0,58.0,52.0,76.0,63.0,74.0,64.0,68.0,61.0,72.0,81.0,73.0,85.0,72,0,0,1,0,0,0,0,72,31,12
77.0,74.0,45.0,40.0,58.0,56.0,62.0,52.0,45.0,57.0,57.0,54.0,63.0,70.0,62.0,58.0,52.0,76.0,63.0,74.0,64.0,68.0,61.0,72.0,81.0,73.0,85.0,72.0,57,0,0,0,1,0,0,0,57,1,1
74.0,45.0,40.0,58.0,56.0,62.0,52.0,45.0,57.0,57.0,54.0,63.0,70.0,62.0,58.0,52.0,76.0,63.0,74.0,64.0,68.0,61.0,72.0,81.0,73.0,85.0,72.0,57.0,51,0,1,0,0,0,0,0,51,2,1
45.0,40.0,58.0,56.0,62.0,52.0,45.0,57.0,57.0,54.0,63.0,70.0,62.0,58.0,52.0,76.0,63.0,74.0,64.0,68.0,61.0,72.0,81.0,73.0,85.0,72.0,57.0,51.0,64,0,0,0,0,0,1,0,64,3,1
40.0,58.0,56.0,62.0,52.0,45.0,57.0,57.0,54.0,63.0,70.0,62.0,58.0,52.0,76.0,63.0,74.0,64.0,68.0,61.0,72.0,81.0,73.0,85.0,72.0,57.0,51.0,64.0,72,0,0,0,0,0,0,1,72,4,1
58.0,56.0,62.0,52.0,45.0,57.0,57.0,54.0,63.0,70.0,62.0,58.0,52.0,76.0,63.0,74.0,64.0,68.0,61.0,72.0,81.0,73.0,85.0,72.0,57.0,51.0,64.0,72.0,68,0,0,0,0,1,0,0,68,5,1
56.0,62.0,52.0,45.0,57.0,57.0,54.0,63.0,70.0,62.0,58.0,52.0,76.0,63.0,74.0,64.0,68.0,61.0,72.0,81.0,73.0,85.0,72.0,57.0,51.0,64.0,72.0,68.0,66,1,0,0,0,0,0,0,66,6,1
62.0,52.0,45.0,57.0,57.0,54.0,63.0,70.0,62.0,58.0,52.0,76.0,63.0,74.0,64.0,68.0,61.0,72.0,81.0,73.0,85.0,72.0,57.0,51.0,64.0,72.0,68.0,66.0,90,0,0,1,0,0,0,0,90,7,1
52.0,45.0,57.0,57.0,54.0,63.0,70.0,62.0,58.0,52.0,76.0,63.0,74.0,64.0,68.0,61.0,72.0,81.0,73.0,85.0,72.0,57.0,51.0,64.0,72.0,68.0,66.0,90.0,73,0,0,0,1,0,0,0,73,8,1
45.0,57.0,57.0,54.0,63.0,70.0,62.0,58.0,52.0,76.0,63.0,74.0,64.0,68.0,61.0,72.0,81.0,73.0,85.0,72.0,57.0,51.0,64.0,72.0,68.0,66.0,90.0,73.0,63,0,1,0,0,0,0,0,63,9,1
57.0,57.0,54.0,63.0,70.0,62.0,58.0,52.0,76.0,63.0,74.0,64.0,68.0,61.0,72.0,81.0,73.0,85.0,72.0,57.0,51.0,64.0,72.0,68.0,66.0,90.0,73.0,63.0,44,0,0,0,0,0,1,0,44,10,1
57.0,54.0,63.0,70.0,62.0,58.0,52.0,76.0,63.0,74.0,64.0,68.0,61.0,72.0,81.0,73.0,85.0,72.0,57.0,51.0,64.0,72.0,68.0,66.0,90.0,73.0,63.0,44.0,70,0,0,0,0,0,0,1,70,11,1
54.0,63.0,70.0,62.0,58.0,52.0,76.0,63.0,74.0,64.0,68.0,61.0,72.0,81.0,73.0,85.0,72.0,57.0,51.0,64.0,72.0,68.0,66.0,90.0,73.0,63.0,44.0,70.0,76,0,0,0,0,1,0,0,76,12,1
63.0,70.0,62.0,58.0,52.0,76.0,63.0,74.0,64.0,68.0,61.0,72.0,81.0,73.0,85.0,72.0,57.0,51.0,64.0,72.0,68.0,66.0,90.0,73.0,63.0,44.0,70.0,76.0,72,1,0,0,0,0,0,0,72,13,1
70.0,62.0,58.0,52.0,76.0,63.0,74.0,64.0,68.0,61.0,72.0,81.0,73.0,85.0,72.0,57.0,51.0,64.0,72.0,68.0,66.0,90.0,73.0,63.0,44.0,70.0,76.0,72.0,63,0,0,1,0,0,0,0,63,14,1
62.0,58.0,52.0,76.0,63.0,74.0,64.0,68.0,61.0,72.0,81.0,73.0,85.0,72.0,57.0,51.0,64.0,72.0,68.0,66.0,90.0,73.0,63.0,44.0,70.0,76.0,72.0,63.0,73,0,0,0,1,0,0,0,73,15,1
58.0,52.0,76.0,63.0,74.0,64.0,68.0,61.0,72.0,81.0,73.0,85.0,72.0,57.0,51.0,64.0,72.0,68.0,66.0,90.0,73.0,63.0,44.0,70.0,76.0,72.0,63.0,73.0,57,0,1,0,0,0,0,0,57,16,1
52.0,76.0,63.0,74.0,64.0,68.0,61.0,72.0,81.0,73.0,85.0,72.0,57.0,51.0,64.0,72.0,68.0,66.0,90.0,73.0,63.0,44.0,70.0,76.0,72.0,63.0,73.0,57.0,64,0,0,0,0,0,1,0,64,17,1
76.0,63.0,74.0,64.0,68.0,61.0,72.0,81.0,73.0,85.0,72.0,57.0,51.0,64.0,72.0,68.0,66.0,90.0,73.0,63.0,44.0,70.0,76.0,72.0,63.0,73.0,57.0,64.0,60,0,0,0,0,0,0,1,60,18,1
63.0,74.0,64.0,68.0,61.0,72.0,81.0,73.0,85.0,72.0,57.0,51.0,64.0,72.0,68.0,66.0,90.0,73.0,63.0,44.0,70.0,76.0,72.0,63.0,73.0,57.0,64.0,60.0,63,0,0,0,0,1,0,0,63,19,1
74.0,64.0,68.0,61.0,72.0,81.0,73.0,85.0,72.0,57.0,51.0,64.0,72.0,68.0,66.0,90.0,73.0,63.0,44.0,70.0,76.0,72.0,63.0,73.0,57.0,64.0,60.0,63.0,79,1,0,0,0,0,0,0,79,20,1
64.0,68.0,61.0,72.0,81.0,73.0,85.0,72.0,57.0,51.0,64.0,72.0,68.0,66.0,90.0,73.0,63.0,44.0,70.0,76.0,72.0,63.0,73.0,57.0,64.0,60.0,63.0,79.0,72,0,0,1,0,0,0,0,72,21,1
68.0,61.0,72.0,81.0,73.0,85.0,72.0,57.0,51.0,64.0,72.0,68.0,66.0,90.0,73.0,63.0,44.0,70.0,76.0,72.0,63.0,73.0,57.0,64.0,60.0,63.0,79.0,72.0,79,0,0,0,1,0,0,0,79,22,1
61.0,72.0,81.0,73.0,85.0,72.0,57.0,51.0,64.0,72.0,68.0,66.0,90.0,73.0,63.0,44.0,70.0,76.0,72.0,63.0,73.0,57.0,64.0,60.0,63.0,79.0,72.0,79.0,64,0,1,0,0,0,0,0,64,23,1
72.0,81.0,73.0,85.0,72.0,57.0,51.0,64.0,72.0,68.0,66.0,90.0,73.0,63.0,44.0,70.0,76.0,72.0,63.0,73.0,57.0,64.0,60.0,63.0,79.0,72.0,79.0,64.0,58,0,0,0,0,0,1,0,58,24,1
81.0,73.0,85.0,72.0,57.0,51.0,64.0,72.0,68.0,66.0,90.0,73.0,63.0,44.0,70.0,76.0,72.0,63.0,73.0,57.0,64.0,60.0,63.0,79.0,72.0,79.0,64.0,58.0,60,0,0,0,0,0,0,1,60,25,1
73.0,85.0,72.0,57.0,51.0,64.0,72.0,68.0,66.0,90.0,73.0,63.0,44.0,70.0,76.0,72.0,63.0,73.0,57.0,64.0,60.0,63.0,79.0,72.0,79.0,64.0,58.0,60.0,59,0,0,0,0,1,0,0,59,26,1
85.0,72.0,57.0,51.0,64.0,72.0,68.0,66.0,90.0,73.0,63.0,44.0,70.0,76.0,72.0,63.0,73.0,57.0,64.0,60.0,63.0,79.0,72.0,79.0,64.0,58.0,60.0,59.0,51,1,0,0,0,0,0,0,51,27,1
72.0,57.0,51.0,64.0,72.0,68.0,66.0,90.0,73.0,63.0,44.0,70.0,76.0,72.0,63.0,73.0,57.0,64.0,60.0,63.0,79.0,72.0,79.0,64.0,58.0,60.0,59.0,51.0,51,0,0,1,0,0,0,0,51,28,1
57.0,51.0,64.0,72.0,68.0,66.0,90.0,73.0,63.0,44.0,70.0,76.0,72.0,63.0,73.0,57.0,64.0,60.0,63.0,79.0,72.0,79.0,64.0,58.0,60.0,59.0,51.0,51.0,38,0,0,0,1,0,0,0,38,29,1
51.0,64.0,72.0,68.0,66.0,90.0,73.0,63.0,44.0,70.0,76.0,72.0,63.0,73.0,57.0,64.0,60.0,63.0,79.0,72.0,79.0,64.0,58.0,60.0,59.0,51.0,51.0,38.0,34,0,1,0,0,0,0,0,34,30,1
64.0,72.0,68.0,66.0,90.0,73.0,63.0,44.0,70.0,76.0,72.0,63.0,73.0,57.0,64.0,60.0,63.0,79.0,72.0,79.0,64.0,58.0,60.0,59.0,51.0,51.0,38.0,34.0,40,0,0,0,0,0,1,0,40,31,1
72.0,68.0,66.0,90.0,73.0,63.0,44.0,70.0,76.0,72.0,63.0,73.0,57.0,64.0,60.0,63.0,79.0,72.0,79.0,64.0,58.0,60.0,59.0,51.0,51.0,38.0,34.0,40.0,54,0,0,0,0,0,0,1,54,1,2
68.0,66.0,90.0,73.0,63.0,44.0,70.0,76.0,72.0,63.0,73.0,57.0,64.0,60.0,63.0,79.0,72.0,79.0,64.0,58.0,60.0,59.0,51.0,51.0,38.0,34.0,40.0,54.0,62,0,0,0,0,1,0,0,62,2,2
66.0,90.0,73.0,63.0,44.0,70.0,76.0,72.0,63.0,73.0,57.0,64.0,60.0,63.0,79.0,72.0,79.0,64.0,58.0,60.0,59.0,51.0,51.0,38.0,34.0,40.0,54.0,62.0,66,1,0,0,0,0,0,0,66,3,2
90.0,73.0,63.0,44.0,70.0,76.0,72.0,63.0,73.0,57.0,64.0,60.0,63.0,79.0,72.0,79.0,64.0,58.0,60.0,59.0,51.0,51.0,38.0,34.0,40.0,54.0,62.0,66.0,61,0,0,1,0,0,0,0,61,4,2
73.0,63.0,44.0,70.0,76.0,72.0,63.0,73.0,57.0,64.0,60.0,63.0,79.0,72.0,79.0,64.0,58.0,60.0,59.0,51.0,51.0,38.0,34.0,40.0,54.0,62.0,66.0,61.0,57,0,0,0,1,0,0,0,57,5,2
63.0,44.0,70.0,76.0,72.0,63.0,73.0,57.0,64.0,60.0,63.0,79.0,72.0,79.0,64.0,58.0,60.0,59.0,51.0,51.0,38.0,34.0,40.0,54.0,62.0,66.0,61.0,57.0,59,0,1,0,0,0,0,0,59,6,2
44.0,70.0,76.0,72.0,63.0,73.0,57.0,64.0,60.0,63.0,79.0,72.0,79.0,64.0,58.0,60.0,59.0,51.0,51.0,38.0,34.0,40.0,54.0,62.0,66.0,61.0,57.0,59.0,63,0,0,0,0,0,1,0,63,7,2
70.0,76.0,72.0,63.0,73.0,57.0,64.0,60.0,63.0,79.0,72.0,79.0,64.0,58.0,60.0,59.0,51.0,51.0,38.0,34.0,40.0,54.0,62.0,66.0,61.0,57.0,59.0,63.0,62,0,0,0,0,0,0,1,62,8,2
76.0,72.0,63.0,73.0,57.0,64.0,60.0,63.0,79.0,72.0,79.0,64.0,58.0,60.0,59.0,51.0,51.0,38.0,34.0,40.0,54.0,62.0,66.0,61.0,57.0,59.0,63.0,62.0,54,0,0,0,0,1,0,0,54,9,2
72.0,63.0,73.0,57.0,64.0,60.0,63.0,79.0,72.0,79.0,64.0,58.0,60.0,59.0,51.0,51.0,38.0,34.0,40.0,54.0,62.0,66.0,61.0,57.0,59.0,63.0,62.0,54.0,56,1,0,0,0,0,0,0,56,10,2
63.0,73.0,57.0,64.0,60.0,63.0,79.0,72.0,79.0,64.0,58.0,60.0,59.0,51.0,51.0,38.0,34.0,40.0,54.0,62.0,66.0,61.0,57.0,59.0,63.0,62.0,54.0,56.0,81,0,0,1,0,0,0,0,81,11,2
73.0,57.0,64.0,60.0,63.0,79.0,72.0,79.0,64.0,58.0,60.0,59.0,51.0,51.0,38.0,34.0,40.0,54.0,62.0,66.0,61.0,57.0,59.0,63.0,62.0,54.0,56.0,81.0,68,0,0,0,1,0,0,0,68,12,2
57.0,64.0,60.0,63.0,79.0,72.0,79.0,64.0,58.0,60.0,59.0,51.0,51.0,38.0,34.0,40.0,54.0,62.0,66.0,61.0,57.0,59.0,63.0,62.0,54.0,56.0,81.0,68.0,76,0,1,0,0,0,0,0,76,13,2
64.0,60.0,63.0,79.0,72.0,79.0,64.0,58.0,60.0,59.0,51.0,51.0,38.0,34.0,40.0,54.0,62.0,66.0,61.0,57.0,59.0,63.0,62.0,54.0,56.0,81.0,68.0,76.0,74,0,0,0,0,0,1,0,74,14,2
60.0,63.0,79.0,72.0,79.0,64.0,58.0,60.0,59.0,51.0,51.0,38.0,34.0,40.0,54.0,62.0,66.0,61.0,57.0,59.0,63.0,62.0,54.0,56.0,81.0,68.0,76.0,74.0,83,0,0,0,0,0,0,1,83,15,2
63.0,79.0,72.0,79.0,64.0,58.0,60.0,59.0,51.0,51.0,38.0,34.0,40.0,54.0,62.0,66.0,61.0,57.0,59.0,63.0,62.0,54.0,56.0,81.0,68.0,76.0,74.0,83.0,69,0,0,0,0,1,0,0,69,16,2
79.0,72.0,79.0,64.0,58.0,60.0,59.0,51.0,51.0,38.0,34.0,40.0,54.0,62.0,66.0,61.0,57.0,59.0,63.0,62.0,54.0,56.0,81.0,68.0,76.0,74.0,83.0,69.0,52,1,0,0,0,0,0,0,52,17,2
72.0,79.0,64.0,58.0,60.0,59.0,51.0,51.0,38.0,34.0,40.0,54.0,62.0,66.0,61.0,57.0,59.0,63.0,62.0,54.0,56.0,81.0,68.0,76.0,74.0,83.0,69.0,52.0,51,0,0,1,0,0,0,0,51,18,2
79.0,64.0,58.0,60.0,59.0,51.0,51.0,38.0,34.0,40.0,54.0,62.0,66.0,61.0,57.0,59.0,63.0,62.0,54.0,56.0,81.0,68.0,76.0,74.0,83.0,69.0,52.0,51.0,48,0,0,0,1,0,0,0,48,19,2
64.0,58.0,60.0,59.0,51.0,51.0,38.0,34.0,40.0,54.0,62.0,66.0,61.0,57.0,59.0,63.0,62.0,54.0,56.0,81.0,68.0,76.0,74.0,83.0,69.0,52.0,51.0,48.0,56,0,1,0,0,0,0,0,56,20,2
58.0,60.0,59.0,51.0,51.0,38.0,34.0,40.0,54.0,62.0,66.0,61.0,57.0,59.0,63.0,62.0,54.0,56.0,81.0,68.0,76.0,74.0,83.0,69.0,52.0,51.0,48.0,56.0,45,0,0,0,0,0,1,0,45,21,2
60.0,59.0,51.0,51.0,38.0,34.0,40.0,54.0,62.0,66.0,61.0,57.0,59.0,63.0,62.0,54.0,56.0,81.0,68.0,76.0,74.0,83.0,69.0,52.0,51.0,48.0,56.0,45.0,38,0,0,0,0,0,0,1,38,22,2
59.0,51.0,51.0,38.0,34.0,40.0,54.0,62.0,66.0,61.0,57.0,59.0,63.0,62.0,54.0,56.0,81.0,68.0,76.0,74.0,83.0,69.0,52.0,51.0,48.0,56.0,45.0,38.0,51,0,0,0,0,1,0,0,51,23,2
51.0,51.0,38.0,34.0,40.0,54.0,62.0,66.0,61.0,57.0,59.0,63.0,62.0,54.0,56.0,81.0,68.0,76.0,74.0,83.0,69.0,52.0,51.0,48.0,56.0,45.0,38.0,51.0,43,1,0,0,0,0,0,0,43,24,2
51.0,38.0,34.0,40.0,54.0,62.0,66.0,61.0,57.0,59.0,63.0,62.0,54.0,56.0,81.0,68.0,76.0,74.0,83.0,69.0,52.0,51.0,48.0,56.0,45.0,38.0,51.0,43.0,53,0,0,1,0,0,0,0,53,25,2
38.0,34.0,40.0,54.0,62.0,66.0,61.0,57.0,59.0,63.0,62.0,54.0,56.0,81.0,68.0,76.0,74.0,83.0,69.0,52.0,51.0,48.0,56.0,45.0,38.0,51.0,43.0,53.0,51,0,0,0,1,0,0,0,51,26,2
34.0,40.0,54.0,62.0,66.0,61.0,57.0,59.0,63.0,62.0,54.0,56.0,81.0,68.0,76.0,74.0,83.0,69.0,52.0,51.0,48.0,56.0,45.0,38.0,51.0,43.0,53.0,51.0,37,0,1,0,0,0,0,0,37,27,2
40.0,54.0,62.0,66.0,61.0,57.0,59.0,63.0,62.0,54.0,56.0,81.0,68.0,76.0,74.0,83.0,69.0,52.0,51.0,48.0,56.0,45.0,38.0,51.0,43.0,53.0,51.0,37.0,61,0,0,0,0,0,1,0,61,28,2
54.0,62.0,66.0,61.0,57.0,59.0,63.0,62.0,54.0,56.0,81.0,68.0,76.0,74.0,83.0,69.0,52.0,51.0,48.0,56.0,45.0,38.0,51.0,43.0,53.0,51.0,37.0,61.0,62,0,0,0,0,0,0,1,62,1,3
62.0,66.0,61.0,57.0,59.0,63.0,62.0,54.0,56.0,81.0,68.0,76.0,74.0,83.0,69.0,52.0,51.0,48.0,56.0,45.0,38.0,51.0,43.0,53.0,51.0,37.0,61.0,62.0,46,0,0,0,0,1,0,0,46,2,3
66.0,61.0,57.0,59.0,63.0,62.0,54.0,56.0,81.0,68.0,76.0,74.0,83.0,69.0,52.0,51.0,48.0,56.0,45.0,38.0,51.0,43.0,53.0,51.0,37.0,61.0,62.0,46.0,43,1,0,0,0,0,0,0,43,3,3
61.0,57.0,59.0,63.0,62.0,54.0,56.0,81.0,68.0,76.0,74.0,83.0,69.0,52.0,51.0,48.0,56.0,45.0,38.0,51.0,43.0,53.0,51.0,37.0,61.0,62.0,46.0,43.0,25,0,0,1,0,0,0,0,25,4,3
57.0,59.0,63.0,62.0,54.0,56.0,81.0,68.0,76.0,74.0,83.0,69.0,52.0,51.0,48.0,56.0,45.0,38.0,51.0,43.0,53.0,51.0,37.0,61.0,62.0,46.0,43.0,25.0,32,0,0,0,1,0,0,0,32,5,3
59.0,63.0,62.0,54.0,56.0,81.0,68.0,76.0,74.0,83.0,69.0,52.0,51.0,48.0,56.0,45.0,38.0,51.0,43.0,53.0,51.0,37.0,61.0,62.0,46.0,43.0,25.0,32.0,48,0,1,0,0,0,0,0,48,6,3
63.0,62.0,54.0,56.0,81.0,68.0,76.0,74.0,83.0,69.0,52.0,51.0,48.0,56.0,45.0,38.0,51.0,43.0,53.0,51.0,37.0,61.0,62.0,46.0,43.0,25.0,32.0,48.0,41,0,0,0,0,0,1,0,41,7,3
62.0,54.0,56.0,81.0,68.0,76.0,74.0,83.0,69.0,52.0,51.0,48.0,56.0,45.0,38.0,51.0,43.0,53.0,51.0,37.0,61.0,62.0,46.0,43.0,25.0,32.0,48.0,41.0,45,0,0,0,0,0,0,1,45,8,3
54.0,56.0,81.0,68.0,76.0,74.0,83.0,69.0,52.0,51.0,48.0,56.0,45.0,38.0,51.0,43.0,53.0,51.0,37.0,61.0,62.0,46.0,43.0,25.0,32.0,48.0,41.0,45.0,51,0,0,0,0,1,0,0,51,9,3
56.0,81.0,68.0,76.0,74.0,83.0,69.0,52.0,51.0,48.0,56.0,45.0,38.0,51.0,43.0,53.0,51.0,37.0,61.0,62.0,46.0,43.0,25.0,32.0,48.0,41.0,45.0,51.0,28,1,0,0,0,0,0,0,28,10,3
81.0,68.0,76.0,74.0,83.0,69.0,52.0,51.0,48.0,56.0,45.0,38.0,51.0,43.0,53.0,51.0,37.0,61.0,62.0,46.0,43.0,25.0,32.0,48.0,41.0,45.0,51.0,28.0,45,0,0,1,0,0,0,0,45,11,3
68.0,76.0,74.0,83.0,69.0,52.0,51.0,48.0,56.0,45.0,38.0,51.0,43.0,53.0,51.0,37.0,61.0,62.0,46.0,43.0,25.0,32.0,48.0,41.0,45.0,51.0,28.0,45.0,43,0,0,0,1,0,0,0,43,12,3
76.0,74.0,83.0,69.0,52.0,51.0,48.0,56.0,45.0,38.0,51.0,43.0,53.0,51.0,37.0,61.0,62.0,46.0,43.0,25.0,32.0,48.0,41.0,45.0,51.0,28.0,45.0,43.0,52,0,1,0,0,0,0,0,52,13,3
74.0,83.0,69.0,52.0,51.0,48.0,56.0,45.0,38.0,51.0,43.0,53.0,51.0,37.0,61.0,62.0,46.0,43.0,25.0,32.0,48.0,41.0,45.0,51.0,28.0,45.0,43.0,52.0,56,0,0,0,0,0,1,0,56,14,3
83.0,69.0,52.0,51.0,48.0,56.0,45.0,38.0,51.0,43.0,53.0,51.0,37.0,61.0,62.0,46.0,43.0,25.0,32.0,48.0,41.0,45.0,51.0,28.0,45.0,43.0,52.0,56.0,49,0,0,0,0,0,0,1,49,15,3
69.0,52.0,51.0,48.0,56.0,45.0,38.0,51.0,43.0,53.0,51.0,37.0,61.0,62.0,46.0,43.0,25.0,32.0,48.0,41.0,45.0,51.0,28.0,45.0,43.0,52.0,56.0,49.0,39,0,0,0,0,1,0,0,39,16,3
52.0,51.0,48.0,56.0,45.0,38.0,51.0,43.0,53.0,51.0,37.0,61.0,62.0,46.0,43.0,25.0,32.0,48.0,41.0,45.0,51.0,28.0,45.0,43.0,52.0,56.0,49.0,39.0,38,1,0,0,0,0,0,0,38,17,3
51.0,48.0,56.0,45.0,38.0,51.0,43.0,53.0,51.0,37.0,61.0,62.0,46.0,43.0,25.0,32.0,48.0,41.0,45.0,51.0,28.0,45.0,43.0,52.0,56.0,49.0,39.0,38.0,49,0,0,1,0,0,0,0,49,18,3
48.0,56.0,45.0,38.0,51.0,43.0,53.0,51.0,37.0,61.0,62.0,46.0,43.0,25.0,32.0,48.0,41.0,45.0,51.0,28.0,45.0,43.0,52.0,56.0,49.0,39.0,38.0,49.0,25,0,0,0,1,0,0,0,25,19,3
56.0,45.0,38.0,51.0,43.0,53.0,51.0,37.0,61.0,62.0,46.0,43.0,25.0,32.0,48.0,41.0,45.0,51.0,28.0,45.0,43.0,52.0,56.0,49.0,39.0,38.0,49.0,25.0,42,0,1,0,0,0,0,0,42,20,3
45.0,38.0,51.0,43.0,53.0,51.0,37.0,61.0,62.0,46.0,43.0,25.0,32.0,48.0,41.0,45.0,51.0,28.0,45.0,43.0,52.0,56.0,49.0,39.0,38.0,49.0,25.0,42.0,48,0,0,0,0,0,1,0,48,21,3
38.0,51.0,43.0,53.0,51.0,37.0,61.0,62.0,46.0,43.0,25.0,32.0,48.0,41.0,45.0,51.0,28.0,45.0,43.0,52.0,56.0,49.0,39.0,38.0,49.0,25.0,42.0,48.0,56,0,0,0,0,0,0,1,56,22,3
51.0,43.0,53.0,51.0,37.0,61.0,62.0,46.0,43.0,25.0,32.0,48.0,41.0,45.0,51.0,28.0,45.0,43.0,52.0,56.0,49.0,39.0,38.0,49.0,25.0,42.0,48.0,56.0,26,0,0,0,0,1,0,0,26,23,3
43.0,53.0,51.0,37.0,61.0,62.0,46.0,43.0,25.0,32.0,48.0,41.0,45.0,51.0,28.0,45.0,43.0,52.0,56.0,49.0,39.0,38.0,49.0,25.0,42.0,48.0,56.0,26.0,28,1,0,0,0,0,0,0,28,24,3
53.0,51.0,37.0,61.0,62.0,46.0,43.0,25.0,32.0,48.0,41.0,45.0,51.0,28.0,45.0,43.0,52.0,56.0,49.0,39.0,38.0,49.0,25.0,42.0,48.0,56.0,26.0,28.0,30,0,0,1,0,0,0,0,30,25,3
51.0,37.0,61.0,62.0,46.0,43.0,25.0,32.0,48.0,41.0,45.0,51.0,28.0,45.0,43.0,52.0,56.0,49.0,39.0,38.0,49.0,25.0,42.0,48.0,56.0,26.0,28.0,30.0,40,0,0,0,1,0,0,0,40,26,3
37.0,61.0,62.0,46.0,43.0,25.0,32.0,48.0,41.0,45.0,51.0,28.0,45.0,43.0,52.0,56.0,49.0,39.0,38.0,49.0,25.0,42.0,48.0,56.0,26.0,28.0,30.0,40.0,24,0,1,0,0,0,0,0,24,27,3
61.0,62.0,46.0,43.0,25.0,32.0,48.0,41.0,45.0,51.0,28.0,45.0,43.0,52.0,56.0,49.0,39.0,38.0,49.0,25.0,42.0,48.0,56.0,26.0,28.0,30.0,40.0,24.0,24,0,0,0,0,0,1,0,24,28,3
62.0,46.0,43.0,25.0,32.0,48.0,41.0,45.0,51.0,28.0,45.0,43.0,52.0,56.0,49.0,39.0,38.0,49.0,25.0,42.0,48.0,56.0,26.0,28.0,30.0,40.0,24.0,24.0,26,0,0,0,0,0,0,1,26,29,3
46.0,43.0,25.0,32.0,48.0,41.0,45.0,51.0,28.0,45.0,43.0,52.0,56.0,49.0,39.0,38.0,49.0,25.0,42.0,48.0,56.0,26.0,28.0,30.0,40.0,24.0,24.0,26.0,22,0,0,0,0,1,0,0,22,30,3
43.0,25.0,32.0,48.0,41.0,45.0,51.0,28.0,45.0,43.0,52.0,56.0,49.0,39.0,38.0,49.0,25.0,42.0,48.0,56.0,26.0,28.0,30.0,40.0,24.0,24.0,26.0,22.0,21,1,0,0,0,0,0,0,21,31,3
25.0,32.0,48.0,41.0,45.0,51.0,28.0,45.0,43.0,52.0,56.0,49.0,39.0,38.0,49.0,25.0,42.0,48.0,56.0,26.0,28.0,30.0,40.0,24.0,24.0,26.0,22.0,21.0,23,0,0,1,0,0,0,0,23,1,4
32.0,48.0,41.0,45.0,51.0,28.0,45.0,43.0,52.0,56.0,49.0,39.0,38.0,49.0,25.0,42.0,48.0,56.0,26.0,28.0,30.0,40.0,24.0,24.0,26.0,22.0,21.0,23.0,15,0,0,0,1,0,0,0,15,2,4
48.0,41.0,45.0,51.0,28.0,45.0,43.0,52.0,56.0,49.0,39.0,38.0,49.0,25.0,42.0,48.0,56.0,26.0,28.0,30.0,40.0,24.0,24.0,26.0,22.0,21.0,23.0,15.0,16,0,1,0,0,0,0,0,16,3,4
41.0,45.0,51.0,28.0,45.0,43.0,52.0,56.0,49.0,39.0,38.0,49.0,25.0,42.0,48.0,56.0,26.0,28.0,30.0,40.0,24.0,24.0,26.0,22.0,21.0,23.0,15.0,16.0,22,0,0,0,0,0,1,0,22,4,4
45.0,51.0,28.0,45.0,43.0,52.0,56.0,49.0,39.0,38.0,49.0,25.0,42.0,48.0,56.0,26.0,28.0,30.0,40.0,24.0,24.0,26.0,22.0,21.0,23.0,15.0,16.0,22.0,27,0,0,0,0,0,0,1,27,5,4
51.0,28.0,45.0,43.0,52.0,56.0,49.0,39.0,38.0,49.0,25.0,42.0,48.0,56.0,26.0,28.0,30.0,40.0,24.0,24.0,26.0,22.0,21.0,23.0,15.0,16.0,22.0,27.0,23,0,0,0,0,1,0,0,23,6,4
28.0,45.0,43.0,52.0,56.0,49.0,39.0,38.0,49.0,25.0,42.0,48.0,56.0,26.0,28.0,30.0,40.0,24.0,24.0,26.0,22.0,21.0,23.0,15.0,16.0,22.0,27.0,23.0,18,1,0,0,0,0,0,0,18,7,4
45.0,43.0,52.0,56.0,49.0,39.0,38.0,49.0,25.0,42.0,48.0,56.0,26.0,28.0,30.0,40.0,24.0,24.0,26.0,22.0,21.0,23.0,15.0,16.0,22.0,27.0,23.0,18.0,22,0,0,1,0,0,0,0,22,8,4
43.0,52.0,56.0,49.0,39.0,38.0,49.0,25.0,42.0,48.0,56.0,26.0,28.0,30.0,40.0,24.0,24.0,26.0,22.0,21.0,23.0,15.0,16.0,22.0,27.0,23.0,18.0,22.0,45,0,0,0,1,0,0,0,45,9,4
52.0,56.0,49.0,39.0,38.0,49.0,25.0,42.0,48.0,56.0,26.0,28.0,30.0,40.0,24.0,24.0,26.0,22.0,21.0,23.0,15.0,16.0,22.0,27.0,23.0,18.0,22.0,45.0,34,0,1,0,0,0,0,0,34,10,4
56.0,49.0,39.0,38.0,49.0,25.0,42.0,48.0,56.0,26.0,28.0,30.0,40.0,24.0,24.0,26.0,22.0,21.0,23.0,15.0,16.0,22.0,27.0,23.0,18.0,22.0,45.0,34.0,23,0,0,0,0,0,1,0,23,11,4
49.0,39.0,38.0,49.0,25.0,42.0,48.0,56.0,26.0,28.0,30.0,40.0,24.0,24.0,26.0,22.0,21.0,23.0,15.0,16.0,22.0,27.0,23.0,18.0,22.0,45.0,34.0,23.0,30,0,0,0,0,0,0,1,30,12,4
39.0,38.0,49.0,25.0,42.0,48.0,56.0,26.0,28.0,30.0,40.0,24.0,24.0,26.0,22.0,21.0,23.0,15.0,16.0,22.0,27.0,23.0,18.0,22.0,45.0,34.0,23.0,30.0,18,0,0,0,0,1,0,0,18,13,4
38.0,49.0,25.0,42.0,48.0,56.0,26.0,28.0,30.0,40.0,24.0,24.0,26.0,22.0,21.0,23.0,15.0,16.0,22.0,27.0,23.0,18.0,22.0,45.0,34.0,23.0,30.0,18.0,15,1,0,0,0,0,0,0,15,14,4
49.0,25.0,42.0,48.0,56.0,26.0,28.0,30.0,40.0,24.0,24.0,26.0,22.0,21.0,23.0,15.0,16.0,22.0,27.0,23.0,18.0,22.0,45.0,34.0,23.0,30.0,18.0,15.0,23,0,0,1,0,0,0,0,23,15,4
25.0,42.0,48.0,56.0,26.0,28.0,30.0,40.0,24.0,24.0,26.0,22.0,21.0,23.0,15.0,16.0,22.0,27.0,23.0,18.0,22.0,45.0,34.0,23.0,30.0,18.0,15.0,23.0,18,0,0,0,1,0,0,0,18,16,4
42.0,48.0,56.0,26.0,28.0,30.0,40.0,24.0,24.0,26.0,22.0,21.0,23.0,15.0,16.0,22.0,27.0,23.0,18.0,22.0,45.0,34.0,23.0,30.0,18.0,15.0,23.0,18.0,16,0,1,0,0,0,0,0,16,17,4
48.0,56.0,26.0,28.0,30.0,40.0,24.0,24.0,26.0,22.0,21.0,23.0,15.0,16.0,22.0,27.0,23.0,18.0,22.0,45.0,34.0,23.0,30.0,18.0,15.0,23.0,18.0,16.0,17,0,0,0,0,0,1,0,17,18,4
56.0,26.0,28.0,30.0,40.0,24.0,24.0,26.0,22.0,21.0,23.0,15.0,16.0,22.0,27.0,23.0,18.0,22.0,45.0,34.0,23.0,30.0,18.0,15.0,23.0,18.0,16.0,17.0,21,0,0,0,0,0,0,1,21,19,4
26.0,28.0,30.0,40.0,24.0,24.0,26.0,22.0,21.0,23.0,15.0,16.0,22.0,27.0,23.0,18.0,22.0,45.0,34.0,23.0,30.0,18.0,15.0,23.0,18.0,16.0,17.0,21.0,15,0,0,0,0,1,0,0,15,20,4
28.0,30.0,40.0,24.0,24.0,26.0,22.0,21.0,23.0,15.0,16.0,22.0,27.0,23.0,18.0,22.0,45.0,34.0,23.0,30.0,18.0,15.0,23.0,18.0,16.0,17.0,21.0,15.0,17,1,0,0,0,0,0,0,17,21,4
30.0,40.0,24.0,24.0,26.0,22.0,21.0,23.0,15.0,16.0,22.0,27.0,23.0,18.0,22.0,45.0,34.0,23.0,30.0,18.0,15.0,23.0,18.0,16.0,17.0,21.0,15.0,17.0,18,0,0,1,0,0,0,0,18,22,4
40.0,24.0,24.0,26.0,22.0,21.0,23.0,15.0,16.0,22.0,27.0,23.0,18.0,22.0,45.0,34.0,23.0,30.0,18.0,15.0,23.0,18.0,16.0,17.0,21.0,15.0,17.0,18.0,15,0,0,0,1,0,0,0,15,23,4
24.0,24.0,26.0,22.0,21.0,23.0,15.0,16.0,22.0,27.0,23.0,18.0,22.0,45.0,34.0,23.0,30.0,18.0,15.0,23.0,18.0,16.0,17.0,21.0,15.0,17.0,18.0,15.0,10,0,1,0,0,0,0,0,10,24,4
24.0,26.0,22.0,21.0,23.0,15.0,16.0,22.0,27.0,23.0,18.0,22.0,45.0,34.0,23.0,30.0,18.0,15.0,23.0,18.0,16.0,17.0,21.0,15.0,17.0,18.0,15.0,10.0,9,0,0,0,0,0,1,0,9,25,4
26.0,22.0,21.0,23.0,15.0,16.0,22.0,27.0,23.0,18.0,22.0,45.0,34.0,23.0,30.0,18.0,15.0,23.0,18.0,16.0,17.0,21.0,15.0,17.0,18.0,15.0,10.0,9.0,8,0,0,0,0,0,0,1,8,26,4
22.0,21.0,23.0,15.0,16.0,22.0,27.0,23.0,18.0,22.0,45.0,34.0,23.0,30.0,18.0,15.0,23.0,18.0,16.0,17.0,21.0,15.0,17.0,18.0,15.0,10.0,9.0,8.0,8,0,0,0,0,1,0,0,8,27,4
21.0,23.0,15.0,16.0,22.0,27.0,23.0,18.0,22.0,45.0,34.0,23.0,30.0,18.0,15.0,23.0,18.0,16.0,17.0,21.0,15.0,17.0,18.0,15.0,10.0,9.0,8.0,8.0,15,1,0,0,0,0,0,0,15,28,4
23.0,15.0,16.0,22.0,27.0,23.0,18.0,22.0,45.0,34.0,23.0,30.0,18.0,15.0,23.0,18.0,16.0,17.0,21.0,15.0,17.0,18.0,15.0,10.0,9.0,8.0,8.0,15.0,12,0,0,1,0,0,0,0,12,29,4
15.0,16.0,22.0,27.0,23.0,18.0,22.0,45.0,34.0,23.0,30.0,18.0,15.0,23.0,18.0,16.0,17.0,21.0,15.0,17.0,18.0,15.0,10.0,9.0,8.0,8.0,15.0,12.0,13,0,0,0,1,0,0,0,13,30,4
16.0,22.0,27.0,23.0,18.0,22.0,45.0,34.0,23.0,30.0,18.0,15.0,23.0,18.0,16.0,17.0,21.0,15.0,17.0,18.0,15.0,10.0,9.0,8.0,8.0,15.0,12.0,13.0,11,0,1,0,0,0,0,0,11,1,5
22.0,27.0,23.0,18.0,22.0,45.0,34.0,23.0,30.0,18.0,15.0,23.0,18.0,16.0,17.0,21.0,15.0,17.0,18.0,15.0,10.0,9.0,8.0,8.0,15.0,12.0,13.0,11.0,12,0,0,0,0,0,1,0,12,2,5
27.0,23.0,18.0,22.0,45.0,34.0,23.0,30.0,18.0,15.0,23.0,18.0,16.0,17.0,21.0,15.0,17.0,18.0,15.0,10.0,9.0,8.0,8.0,15.0,12.0,13.0,11.0,12.0,14,0,0,0,0,0,0,1,14,3,5
23.0,18.0,22.0,45.0,34.0,23.0,30.0,18.0,15.0,23.0,18.0,16.0,17.0,21.0,15.0,17.0,18.0,15.0,10.0,9.0,8.0,8.0,15.0,12.0,13.0,11.0,12.0,14.0,20,0,0,0,0,1,0,0,20,4,5
18.0,22.0,45.0,34.0,23.0,30.0,18.0,15.0,23.0,18.0,16.0,17.0,21.0,15.0,17.0,18.0,15.0,10.0,9.0,8.0,8.0,15.0,12.0,13.0,11.0,12.0,14.0,20.0,21,1,0,0,0,0,0,0,21,5,5
22.0,45.0,34.0,23.0,30.0,18.0,15.0,23.0,18.0,16.0,17.0,21.0,15.0,17.0,18.0,15.0,10.0,9.0,8.0,8.0,15.0,12.0,13.0,11.0,12.0,14.0,20.0,21.0,10,0,0,1,0,0,0,0,10,6,5
45.0,34.0,23.0,30.0,18.0,15.0,23.0,18.0,16.0,17.0,21.0,15.0,17.0,18.0,15.0,10.0,9.0,8.0,8.0,15.0,12.0,13.0,11.0,12.0,14.0,20.0,21.0,10.0,15,0,0,0,1,0,0,0,15,7,5
34.0,23.0,30.0,18.0,15.0,23.0,18.0,16.0,17.0,21.0,15.0,17.0,18.0,15.0,10.0,9.0,8.0,8.0,15.0,12.0,13.0,11.0,12.0,14.0,20.0,21.0,10.0,15.0,15,0,1,0,0,0,0,0,15,8,5
23.0,30.0,18.0,15.0,23.0,18.0,16.0,17.0,21.0,15.0,17.0,18.0,15.0,10.0,9.0,8.0,8.0,15.0,12.0,13.0,11.0,12.0,14.0,20.0,21.0,10.0,15.0,15.0,22,0,0,0,0,0,1,0,22,9,5
30.0,18.0,15.0,23.0,18.0,16.0,17.0,21.0,15.0,17.0,18.0,15.0,10.0,9.0,8.0,8.0,15.0,12.0,13.0,11.0,12.0,14.0,20.0,21.0,10.0,15.0,15.0,22.0,33,0,0,0,0,0,0,1,33,10,5
18.0,15.0,23.0,18.0,16.0,17.0,21.0,15.0,17.0,18.0,15.0,10.0,9.0,8.0,8.0,15.0,12.0,13.0,11.0,12.0,14.0,20.0,21.0,10.0,15.0,15.0,22.0,33.0,30,0,0,0,0,1,0,0,30,11,5
15.0,23.0,18.0,16.0,17.0,21.0,15.0,17.0,18.0,15.0,10.0,9.0,8.0,8.0,15.0,12.0,13.0,11.0,12.0,14.0,20.0,21.0,10.0,15.0,15.0,22.0,33.0,30.0,14,1,0,0,0,0,0,0,14,12,5
23.0,18.0,16.0,17.0,21.0,15.0,17.0,18.0,15.0,10.0,9.0,8.0,8.0,15.0,12.0,13.0,11.0,12.0,14.0,20.0,21.0,10.0,15.0,15.0,22.0,33.0,30.0,14.0,23,0,0,1,0,0,0,0,23,13,5
18.0,16.0,17.0,21.0,15.0,17.0,18.0,15.0,10.0,9.0,8.0,8.0,15.0,12.0,13.0,11.0,12.0,14.0,20.0,21.0,10.0,15.0,15.0,22.0,33.0,30.0,14.0,23.0,10,0,0,0,1,0,0,0,10,14,5
16.0,17.0,21.0,15.0,17.0,18.0,15.0,10.0,9.0,8.0,8.0,15.0,12.0,13.0,11.0,12.0,14.0,20.0,21.0,10.0,15.0,15.0,22.0,33.0,30.0,14.0,23.0,10.0,10,0,1,0,0,0,0,0,10,15,5
17.0,21.0,15.0,17.0,18.0,15.0,10.0,9.0,8.0,8.0,15.0,12.0,13.0,11.0,12.0,14.0,20.0,21.0,10.0,15.0,15.0,22.0,33.0,30.0,14.0,23.0,10.0,10.0,13,0,0,0,0,0,1,0,13,16,5
21.0,15.0,17.0,18.0,15.0,10.0,9.0,8.0,8.0,15.0,12.0,13.0,11.0,12.0,14.0,20.0,21.0,10.0,15.0,15.0,22.0,33.0,30.0,14.0,23.0,10.0,10.0,13.0,14,0,0,0,0,0,0,1,14,17,5
15.0,17.0,18.0,15.0,10.0,9.0,8.0,8.0,15.0,12.0,13.0,11.0,12.0,14.0,20.0,21.0,10.0,15.0,15.0,22.0,33.0,30.0,14.0,23.0,10.0,10.0,13.0,14.0,11,0,0,0,0,1,0,0,11,18,5
17.0,18.0,15.0,10.0,9.0,8.0,8.0,15.0,12.0,13.0,11.0,12.0,14.0,20.0,21.0,10.0,15.0,15.0,22.0,33.0,30.0,14.0,23.0,10.0,10.0,13.0,14.0,11.0,14,1,0,0,0,0,0,0,14,19,5
18.0,15.0,10.0,9.0,8.0,8.0,15.0,12.0,13.0,11.0,12.0,14.0,20.0,21.0,10.0,15.0,15.0,22.0,33.0,30.0,14.0,23.0,10.0,10.0,13.0,14.0,11.0,14.0,13,0,0,1,0,0,0,0,13,20,5
15.0,10.0,9.0,8.0,8.0,15.0,12.0,13.0,11.0,12.0,14.0,20.0,21.0,10.0,15.0,15.0,22.0,33.0,30.0,14.0,23.0,10.0,10.0,13.0,14.0,11.0,14.0,13.0,23,0,0,0,1,0,0,0,23,21,5
10.0,9.0,8.0,8.0,15.0,12.0,13.0,11.0,12.0,14.0,20.0,21.0,10.0,15.0,15.0,22.0,33.0,30.0,14.0,23.0,10.0,10.0,13.0,14.0,11.0,14.0,13.0,23.0,22,0,1,0,0,0,0,0,22,22,5
9.0,8.0,8.0,15.0,12.0,13.0,11.0,12.0,14.0,20.0,21.0,10.0,15.0,15.0,22.0,33.0,30.0,14.0,23.0,10.0,10.0,13.0,14.0,11.0,14.0,13.0,23.0,22.0,23,0,0,0,0,0,1,0,23,23,5
8.0,8.0,15.0,12.0,13.0,11.0,12.0,14.0,20.0,21.0,10.0,15.0,15.0,22.0,33.0,30.0,14.0,23.0,10.0,10.0,13.0,14.0,11.0,14.0,13.0,23.0,22.0,23.0,10,0,0,0,0,0,0,1,10,24,5
8.0,15.0,12.0,13.0,11.0,12.0,14.0,20.0,21.0,10.0,15.0,15.0,22.0,33.0,30.0,14.0,23.0,10.0,10.0,13.0,14.0,11.0,14.0,13.0,23.0,22.0,23.0,10.0,13,0,0,0,0,1,0,0,13,25,5
15.0,12.0,13.0,11.0,12.0,14.0,20.0,21.0,10.0,15.0,15.0,22.0,33.0,30.0,14.0,23.0,10.0,10.0,13.0,14.0,11.0,14.0,13.0,23.0,22.0,23.0,10.0,13.0,18,1,0,0,0,0,0,0,18,26,5
12.0,13.0,11.0,12.0,14.0,20.0,21.0,10.0,15.0,15.0,22.0,33.0,30.0,14.0,23.0,10.0,10.0,13.0,14.0,11.0,14.0,13.0,23.0,22.0,23.0,10.0,13.0,18.0,21,0,0,1,0,0,0,0,21,27,5
13.0,11.0,12.0,14.0,20.0,21.0,10.0,15.0,15.0,22.0,33.0,30.0,14.0,23.0,10.0,10.0,13.0,14.0,11.0,14.0,13.0,23.0,22.0,23.0,10.0,13.0,18.0,21.0,24,0,0,0,1,0,0,0,24,28,5
11.0,12.0,14.0,20.0,21.0,10.0,15.0,15.0,22.0,33.0,30.0,14.0,23.0,10.0,10.0,13.0,14.0,11.0,14.0,13.0,23.0,22.0,23.0,10.0,13.0,18.0,21.0,24.0,25,0,1,0,0,0,0,0,25,29,5
12.0,14.0,20.0,21.0,10.0,15.0,15.0,22.0,33.0,30.0,14.0,23.0,10.0,10.0,13.0,14.0,11.0,14.0,13.0,23.0,22.0,23.0,10.0,13.0,18.0,21.0,24.0,25.0,29,0,0,0,0,0,1,0,29,30,5
14.0,20.0,21.0,10.0,15.0,15.0,22.0,33.0,30.0,14.0,23.0,10.0,10.0,13.0,14.0,11.0,14.0,13.0,23.0,22.0,23.0,10.0,13.0,18.0,21.0,24.0,25.0,29.0,29,0,0,0,0,0,0,1,29,31,5
20.0,21.0,10.0,15.0,15.0,22.0,33.0,30.0,14.0,23.0,10.0,10.0,13.0,14.0,11.0,14.0,13.0,23.0,22.0,23.0,10.0,13.0,18.0,21.0,24.0,25.0,29.0,29.0,24,0,0,0,0,1,0,0,24,1,6
21.0,10.0,15.0,15.0,22.0,33.0,30.0,14.0,23.0,10.0,10.0,13.0,14.0,11.0,14.0,13.0,23.0,22.0,23.0,10.0,13.0,18.0,21.0,24.0,25.0,29.0,29.0,24.0,11,1,0,0,0,0,0,0,11,2,6
10.0,15.0,15.0,22.0,33.0,30.0,14.0,23.0,10.0,10.0,13.0,14.0,11.0,14.0,13.0,23.0,22.0,23.0,10.0,13.0,18.0,21.0,24.0,25.0,29.0,29.0,24.0,11.0,19,0,0,1,0,0,0,0,19,3,6
15.0,15.0,22.0,33.0,30.0,14.0,23.0,10.0,10.0,13.0,14.0,11.0,14.0,13.0,23.0,22.0,23.0,10.0,13.0,18.0,21.0,24.0,25.0,29.0,29.0,24.0,11.0,19.0,21,0,0,0,1,0,0,0,21,4,6
15.0,22.0,33.0,30.0,14.0,23.0,10.0,10.0,13.0,14.0,11.0,14.0,13.0,23.0,22.0,23.0,10.0,13.0,18.0,21.0,24.0,25.0,29.0,29.0,24.0,11.0,19.0,21.0,22,0,1,0,0,0,0,0,22,5,6
22.0,33.0,30.0,14.0,23.0,10.0,10.0,13.0,14.0,11.0,14.0,13.0,23.0,22.0,23.0,10.0,13.0,18.0,21.0,24.0,25.0,29.0,29.0,24.0,11.0,19.0,21.0,22.0,24,0,0,0,0,0,1,0,24,6,6
33.0,30.0,14.0,23.0,10.0,10.0,13.0,14.0,11.0,14.0,13.0,23.0,22.0,23.0,10.0,13.0,18.0,21.0,24.0,25.0,29.0,29.0,24.0,11.0,19.0,21.0,22.0,24.0,33,0,0,0,0,0,0,1,33,7,6
30.0,14.0,23.0,10.0,10.0,13.0,14.0,11.0,14.0,13.0,23.0,22.0,23.0,10.0,13.0,18.0,21.0,24.0,25.0,29.0,29.0,24.0,11.0,19.0,21.0,22.0,24.0,33.0,25,0,0,0,0,1,0,0,25,8,6
14.0,23.0,10.0,10.0,13.0,14.0,11.0,14.0,13.0,23.0,22.0,23.0,10.0,13.0,18.0,21.0,24.0,25.0,29.0,29.0,24.0,11.0,19.0,21.0,22.0,24.0,33.0,25.0,7,1,0,0,0,0,0,0,7,9,6
23.0,10.0,10.0,13.0,14.0,11.0,14.0,13.0,23.0,22.0,23.0,10.0,13.0,18.0,21.0,24.0,25.0,29.0,29.0,24.0,11.0,19.0,21.0,22.0,24.0,33.0,25.0,7.0,11,0,0,1,0,0,0,0,11,10,6
10.0,10.0,13.0,14.0,11.0,14.0,13.0,23.0,22.0,23.0,10.0,13.0,18.0,21.0,24.0,25.0,29.0,29.0,24.0,11.0,19.0,21.0,22.0,24.0,33.0,25.0,7.0,11.0,14,0,0,0,1,0,0,0,14,11,6
10.0,13.0,14.0,11.0,14.0,13.0,23.0,22.0,23.0,10.0,13.0,18.0,21.0,24.0,25.0,29.0,29.0,24.0,11.0,19.0,21.0,22.0,24.0,33.0,25.0,7.0,11.0,14.0,18,0,1,0,0,0,0,0,18,12,6
13.0,14.0,11.0,14.0,13.0,23.0,22.0,23.0,10.0,13.0,18.0,21.0,24.0,25.0,29.0,29.0,24.0,11.0,19.0,21.0,22.0,24.0,33.0,25.0,7.0,11.0,14.0,18.0,18,0,0,0,0,0,1,0,18,13,6
14.0,11.0,14.0,13.0,23.0,22.0,23.0,10.0,13.0,18.0,21.0,24.0,25.0,29.0,29.0,24.0,11.0,19.0,21.0,22.0,24.0,33.0,25.0,7.0,11.0,14.0,18.0,18.0,10,0,0,0,0,0,0,1,10,14,6
11.0,14.0,13.0,23.0,22.0,23.0,10.0,13.0,18.0,21.0,24.0,25.0,29.0,29.0,24.0,11.0,19.0,21.0,22.0,24.0,33.0,25.0,7.0,11.0,14.0,18.0,18.0,10.0,11,0,0,0,0,1,0,0,11,15,6
14.0,13.0,23.0,22.0,23.0,10.0,13.0,18.0,21.0,24.0,25.0,29.0,29.0,24.0,11.0,19.0,21.0,22.0,24.0,33.0,25.0,7.0,11.0,14.0,18.0,18.0,10.0,11.0,13,1,0,0,0,0,0,0,13,16,6
13.0,23.0,22.0,23.0,10.0,13.0,18.0,21.0,24.0,25.0,29.0,29.0,24.0,11.0,19.0,21.0,22.0,24.0,33.0,25.0,7.0,11.0,14.0,18.0,18.0,10.0,11.0,13.0,10,0,0,1,0,0,0,0,10,17,6
23.0,22.0,23.0,10.0,13.0,18.0,21.0,24.0,25.0,29.0,29.0,24.0,11.0,19.0,21.0,22.0,24.0,33.0,25.0,7.0,11.0,14.0,18.0,18.0,10.0,11.0,13.0,10.0,11,0,0,0,1,0,0,0,11,18,6
22.0,23.0,10.0,13.0,18.0,21.0,24.0,25.0,29.0,29.0,24.0,11.0,19.0,21.0,22.0,24.0,33.0,25.0,7.0,11.0,14.0,18.0,18.0,10.0,11.0,13.0,10.0,11.0,15,0,1,0,0,0,0,0,15,19,6
23.0,10.0,13.0,18.0,21.0,24.0,25.0,29.0,29.0,24.0,11.0,19.0,21.0,22.0,24.0,33.0,25.0,7.0,11.0,14.0,18.0,18.0,10.0,11.0,13.0,10.0,11.0,15.0,13,0,0,0,0,0,1,0,13,20,6
10.0,13.0,18.0,21.0,24.0,25.0,29.0,29.0,24.0,11.0,19.0,21.0,22.0,24.0,33.0,25.0,7.0,11.0,14.0,18.0,18.0,10.0,11.0,13.0,10.0,11.0,15.0,13.0,14,0,0,0,0,0,0,1,14,21,6
13.0,18.0,21.0,24.0,25.0,29.0,29.0,24.0,11.0,19.0,21.0,22.0,24.0,33.0,25.0,7.0,11.0,14.0,18.0,18.0,10.0,11.0,13.0,10.0,11.0,15.0,13.0,14.0,15,0,0,0,0,1,0,0,15,22,6
18.0,21.0,24.0,25.0,29.0,29.0,24.0,11.0,19.0,21.0,22.0,24.0,33.0,25.0,7.0,11.0,14.0,18.0,18.0,10.0,11.0,13.0,10.0,11.0,15.0,13.0,14.0,15.0,15,1,0,0,0,0,0,0,15,23,6
21.0,24.0,25.0,29.0,29.0,24.0,11.0,19.0,21.0,22.0,24.0,33.0,25.0,7.0,11.0,14.0,18.0,18.0,10.0,11.0,13.0,10.0,11.0,15.0,13.0,14.0,15.0,15.0,17,0,0,1,0,0,0,0,17,24,6
24.0,25.0,29.0,29.0,24.0,11.0,19.0,21.0,22.0,24.0,33.0,25.0,7.0,11.0,14.0,18.0,18.0,10.0,11.0,13.0,10.0,11.0,15.0,13.0,14.0,15.0,15.0,17.0,21,0,0,0,1,0,0,0,21,25,6
25.0,29.0,29.0,24.0,11.0,19.0,21.0,22.0,24.0,33.0,25.0,7.0,11.0,14.0,18.0,18.0,10.0,11.0,13.0,10.0,11.0,15.0,13.0,14.0,15.0,15.0,17.0,21.0,26,0,1,0,0,0,0,0,26,26,6
29.0,29.0,24.0,11.0,19.0,21.0,22.0,24.0,33.0,25.0,7.0,11.0,14.0,18.0,18.0,10.0,11.0,13.0,10.0,11.0,15.0,13.0,14.0,15.0,15.0,17.0,21.0,26.0,20,0,0,0,0,0,1,0,20,27,6
29.0,24.0,11.0,19.0,21.0,22.0,24.0,33.0,25.0,7.0,11.0,14.0,18.0,18.0,10.0,11.0,13.0,10.0,11.0,15.0,13.0,14.0,15.0,15.0,17.0,21.0,26.0,20.0,20,0,0,0,0,0,0,1,20,28,6
24.0,11.0,19.0,21.0,22.0,24.0,33.0,25.0,7.0,11.0,14.0,18.0,18.0,10.0,11.0,13.0,10.0,11.0,15.0,13.0,14.0,15.0,15.0,17.0,21.0,26.0,20.0,20.0,16,0,0,0,0,1,0,0,16,29,6
11.0,19.0,21.0,22.0,24.0,33.0,25.0,7.0,11.0,14.0,18.0,18.0,10.0,11.0,13.0,10.0,11.0,15.0,13.0,14.0,15.0,15.0,17.0,21.0,26.0,20.0,20.0,16.0,21,1,0,0,0,0,0,0,21,30,6
19.0,21.0,22.0,24.0,33.0,25.0,7.0,11.0,14.0,18.0,18.0,10.0,11.0,13.0,10.0,11.0,15.0,13.0,14.0,15.0,15.0,17.0,21.0,26.0,20.0,20.0,16.0,21.0,28,0,0,1,0,0,0,0,28,1,7
21.0,22.0,24.0,33.0,25.0,7.0,11.0,14.0,18.0,18.0,10.0,11.0,13.0,10.0,11.0,15.0,13.0,14.0,15.0,15.0,17.0,21.0,26.0,20.0,20.0,16.0,21.0,28.0,22,0,0,0,1,0,0,0,22,2,7
22.0,24.0,33.0,25.0,7.0,11.0,14.0,18.0,18.0,10.0,11.0,13.0,10.0,11.0,15.0,13.0,14.0,15.0,15.0,17.0,21.0,26.0,20.0,20.0,16.0,21.0,28.0,22.0,17,0,1,0,0,0,0,0,17,3,7
24.0,33.0,25.0,7.0,11.0,14.0,18.0,18.0,10.0,11.0,13.0,10.0,11.0,15.0,13.0,14.0,15.0,15.0,17.0,21.0,26.0,20.0,20.0,16.0,21.0,28.0,22.0,17.0,26,0,0,0,0,0,1,0,26,4,7
33.0,25.0,7.0,11.0,14.0,18.0,18.0,10.0,11.0,13.0,10.0,11.0,15.0,13.0,14.0,15.0,15.0,17.0,21.0,26.0,20.0,20.0,16.0,21.0,28.0,22.0,17.0,26.0,29,0,0,0,0,0,0,1,29,5,7
25.0,7.0,11.0,14.0,18.0,18.0,10.0,11.0,13.0,10.0,11.0,15.0,13.0,14.0,15.0,15.0,17.0,21.0,26.0,20.0,20.0,16.0,21.0,28.0,22.0,17.0,26.0,29.0,38,0,0,0,0,1,0,0,38,6,7
7.0,11.0,14.0,18.0,18.0,10.0,11.0,13.0,10.0,11.0,15.0,13.0,14.0,15.0,15.0,17.0,21.0,26.0,20.0,20.0,16.0,21.0,28.0,22.0,17.0,26.0,29.0,38.0,49,1,0,0,0,0,0,0,49,7,7
11.0,14.0,18.0,18.0,10.0,11.0,13.0,10.0,11.0,15.0,13.0,14.0,15.0,15.0,17.0,21.0,26.0,20.0,20.0,16.0,21.0,28.0,22.0,17.0,26.0,29.0,38.0,49.0,63,0,0,1,0,0,0,0,63,8,7
14.0,18.0,18.0,10.0,11.0,13.0,10.0,11.0,15.0,13.0,14.0,15.0,15.0,17.0,21.0,26.0,20.0,20.0,16.0,21.0,28.0,22.0,17.0,26.0,29.0,38.0,49.0,63.0,54,0,0,0,1,0,0,0,54,9,7
18.0,18.0,10.0,11.0,13.0,10.0,11.0,15.0,13.0,14.0,15.0,15.0,17.0,21.0,26.0,20.0,20.0,16.0,21.0,28.0,22.0,17.0,26.0,29.0,38.0,49.0,63.0,54.0,38,0,1,0,0,0,0,0,38,10,7
18.0,10.0,11.0,13.0,10.0,11.0,15.0,13.0,14.0,15.0,15.0,17.0,21.0,26.0,20.0,20.0,16.0,21.0,28.0,22.0,17.0,26.0,29.0,38.0,49.0,63.0,54.0,38.0,81,0,0,0,0,0,1,0,81,11,7
10.0,11.0,13.0,10.0,11.0,15.0,13.0,14.0,15.0,15.0,17.0,21.0,26.0,20.0,20.0,16.0,21.0,28.0,22.0,17.0,26.0,29.0,38.0,49.0,63.0,54.0,38.0,81.0,30,0,0,0,0,0,0,1,30,12,7
11.0,13.0,10.0,11.0,15.0,13.0,14.0,15.0,15.0,17.0,21.0,26.0,20.0,20.0,16.0,21.0,28.0,22.0,17.0,26.0,29.0,38.0,49.0,63.0,54.0,38.0,81.0,30.0,29,0,0,0,0,1,0,0,29,13,7
13.0,10.0,11.0,15.0,13.0,14.0,15.0,15.0,17.0,21.0,26.0,20.0,20.0,16.0,21.0,28.0,22.0,17.0,26.0,29.0,38.0,49.0,63.0,54.0,38.0,81.0,30.0,29.0,30,1,0,0,0,0,0,0,30,14,7
10.0,11.0,15.0,13.0,14.0,15.0,15.0,17.0,21.0,26.0,20.0,20.0,16.0,21.0,28.0,22.0,17.0,26.0,29.0,38.0,49.0,63.0,54.0,38.0,81.0,30.0,29.0,30.0,30,0,0,1,0,0,0,0,30,15,7
11.0,15.0,13.0,14.0,15.0,15.0,17.0,21.0,26.0,20.0,20.0,16.0,21.0,28.0,22.0,17.0,26.0,29.0,38.0,49.0,63.0,54.0,38.0,81.0,30.0,29.0,30.0,30.0,24,0,0,0,1,0,0,0,24,16,7
15.0,13.0,14.0,15.0,15.0,17.0,21.0,26.0,20.0,20.0,16.0,21.0,28.0,22.0,17.0,26.0,29.0,38.0,49.0,63.0,54.0,38.0,81.0,30.0,29.0,30.0,30.0,24.0,88,0,1,0,0,0,0,0,88,17,7
13.0,14.0,15.0,15.0,17.0,21.0,26.0,20.0,20.0,16.0,21.0,28.0,22.0,17.0,26.0,29.0,38.0,49.0,63.0,54.0,38.0,81.0,30.0,29.0,30.0,30.0,24.0,88.0,116,0,0,0,0,0,1,0,116,18,7
14.0,15.0,15.0,17.0,21.0,26.0,20.0,20.0,16.0,21.0,28.0,22.0,17.0,26.0,29.0,38.0,49.0,63.0,54.0,38.0,81.0,30.0,29.0,30.0,30.0,24.0,88.0,116.0,48,0,0,0,0,0,0,1,48,19,7
15.0,15.0,17.0,21.0,26.0,20.0,20.0,16.0,21.0,28.0,22.0,17.0,26.0,29.0,38.0,49.0,63.0,54.0,38.0,81.0,30.0,29.0,30.0,30.0,24.0,88.0,116.0,48.0,20,0,0,0,0,1,0,0,20,20,7
15.0,17.0,21.0,26.0,20.0,20.0,16.0,21.0,28.0,22.0,17.0,26.0,29.0,38.0,49.0,63.0,54.0,38.0,81.0,30.0,29.0,30.0,30.0,24.0,88.0,116.0,48.0,20.0,16,1,0,0,0,0,0,0,16,21,7
17.0,21.0,26.0,20.0,20.0,16.0,21.0,28.0,22.0,17.0,26.0,29.0,38.0,49.0,63.0,54.0,38.0,81.0,30.0,29.0,30.0,30.0,24.0,88.0,116.0,48.0,20.0,16.0,15,0,0,1,0,0,0,0,15,22,7
21.0,26.0,20.0,20.0,16.0,21.0,28.0,22.0,17.0,26.0,29.0,38.0,49.0,63.0,54.0,38.0,81.0,30.0,29.0,30.0,30.0,24.0,88.0,116.0,48.0,20.0,16.0,15.0,17,0,0,0,1,0,0,0,17,23,7
26.0,20.0,20.0,16.0,21.0,28.0,22.0,17.0,26.0,29.0,38.0,49.0,63.0,54.0,38.0,81.0,30.0,29.0,30.0,30.0,24.0,88.0,116.0,48.0,20.0,16.0,15.0,17.0,38,0,1,0,0,0,0,0,38,24,7
20.0,20.0,16.0,21.0,28.0,22.0,17.0,26.0,29.0,38.0,49.0,63.0,54.0,38.0,81.0,30.0,29.0,30.0,30.0,24.0,88.0,116.0,48.0,20.0,16.0,15.0,17.0,38.0,37,0,0,0,0,0,1,0,37,25,7
20.0,16.0,21.0,28.0,22.0,17.0,26.0,29.0,38.0,49.0,63.0,54.0,38.0,81.0,30.0,29.0,30.0,30.0,24.0,88.0,116.0,48.0,20.0,16.0,15.0,17.0,38.0,37.0,35,0,0,0,0,0,0,1,35,26,7
16.0,21.0,28.0,22.0,17.0,26.0,29.0,38.0,49.0,63.0,54.0,38.0,81.0,30.0,29.0,30.0,30.0,24.0,88.0,116.0,48.0,20.0,16.0,15.0,17.0,38.0,37.0,35.0,47,0,0,0,0,1,0,0,47,27,7
21.0,28.0,22.0,17.0,26.0,29.0,38.0,49.0,63.0,54.0,38.0,81.0,30.0,29.0,30.0,30.0,24.0,88.0,116.0,48.0,20.0,16.0,15.0,17.0,38.0,37.0,35.0,47.0,90,1,0,0,0,0,0,0,90,28,7
28.0,22.0,17.0,26.0,29.0,38.0,49.0,63.0,54.0,38.0,81.0,30.0,29.0,30.0,30.0,24.0,88.0,116.0,48.0,20.0,16.0,15.0,17.0,38.0,37.0,35.0,47.0,90.0,68,0,0,1,0,0,0,0,68,29,7
22.0,17.0,26.0,29.0,38.0,49.0,63.0,54.0,38.0,81.0,30.0,29.0,30.0,30.0,24.0,88.0,116.0,48.0,20.0,16.0,15.0,17.0,38.0,37.0,35.0,47.0,90.0,68.0,44,0,0,0,1,0,0,0,44,30,7
17.0,26.0,29.0,38.0,49.0,63.0,54.0,38.0,81.0,30.0,29.0,30.0,30.0,24.0,88.0,116.0,48.0,20.0,16.0,15.0,17.0,38.0,37.0,35.0,47.0,90.0,68.0,44.0,73,0,1,0,0,0,0,0,73,31,7
26.0,29.0,38.0,49.0,63.0,54.0,38.0,81.0,30.0,29.0,30.0,30.0,24.0,88.0,116.0,48.0,20.0,16.0,15.0,17.0,38.0,37.0,35.0,47.0,90.0,68.0,44.0,73.0,169,0,0,0,0,0,1,0,169,1,8
29.0,38.0,49.0,63.0,54.0,38.0,81.0,30.0,29.0,30.0,30.0,24.0,88.0,116.0,48.0,20.0,16.0,15.0,17.0,38.0,37.0,35.0,47.0,90.0,68.0,44.0,73.0,169.0,168,0,0,0,0,0,0,1,168,2,8
38.0,49.0,63.0,54.0,38.0,81.0,30.0,29.0,30.0,30.0,24.0,88.0,116.0,48.0,20.0,16.0,15.0,17.0,38.0,37.0,35.0,47.0,90.0,68.0,44.0,73.0,169.0,168.0,117,0,0,0,0,1,0,0,117,3,8
49.0,63.0,54.0,38.0,81.0,30.0,29.0,30.0,30.0,24.0,88.0,116.0,48.0,20.0,16.0,15.0,17.0,38.0,37.0,35.0,47.0,90.0,68.0,44.0,73.0,169.0,168.0,117.0,180,1,0,0,0,0,0,0,180,4,8
63.0,54.0,38.0,81.0,30.0,29.0,30.0,30.0,24.0,88.0,116.0,48.0,20.0,16.0,15.0,17.0,38.0,37.0,35.0,47.0,90.0,68.0,44.0,73.0,169.0,168.0,117.0,180.0,166,0,0,1,0,0,0,0,166,5,8
54.0,38.0,81.0,30.0,29.0,30.0,30.0,24.0,88.0,116.0,48.0,20.0,16.0,15.0,17.0,38.0,37.0,35.0,47.0,90.0,68.0,44.0,73.0,169.0,168.0,117.0,180.0,166.0,160,0,0,0,1,0,0,0,160,6,8
38.0,81.0,30.0,29.0,30.0,30.0,24.0,88.0,116.0,48.0,20.0,16.0,15.0,17.0,38.0,37.0,35.0,47.0,90.0,68.0,44.0,73.0,169.0,168.0,117.0,180.0,166.0,160.0,159,0,1,0,0,0,0,0,159,7,8
81.0,30.0,29.0,30.0,30.0,24.0,88.0,116.0,48.0,20.0,16.0,15.0,17.0,38.0,37.0,35.0,47.0,90.0,68.0,44.0,73.0,169.0,168.0,117.0,180.0,166.0,160.0,159.0,161,0,0,0,0,0,1,0,161,8,8
30.0,29.0,30.0,30.0,24.0,88.0,116.0,48.0,20.0,16.0,15.0,17.0,38.0,37.0,35.0,47.0,90.0,68.0,44.0,73.0,169.0,168.0,117.0,180.0,166.0,160.0,159.0,161.0,163,0,0,0,0,0,0,1,163,9,8
29.0,30.0,30.0,24.0,88.0,116.0,48.0,20.0,16.0,15.0,17.0,38.0,37.0,35.0,47.0,90.0,68.0,44.0,73.0,169.0,168.0,117.0,180.0,166.0,160.0,159.0,161.0,163.0,177,0,0,0,0,1,0,0,177,10,8
30.0,30.0,24.0,88.0,116.0,48.0,20.0,16.0,15.0,17.0,38.0,37.0,35.0,47.0,90.0,68.0,44.0,73.0,169.0,168.0,117.0,180.0,166.0,160.0,159.0,161.0,163.0,177.0,151,1,0,0,0,0,0,0,151,11,8
30.0,24.0,88.0,116.0,48.0,20.0,16.0,15.0,17.0,38.0,37.0,35.0,47.0,90.0,68.0,44.0,73.0,169.0,168.0,117.0,180.0,166.0,160.0,159.0,161.0,163.0,177.0,151.0,97,0,0,1,0,0,0,0,97,12,8
24.0,88.0,116.0,48.0,20.0,16.0,15.0,17.0,38.0,37.0,35.0,47.0,90.0,68.0,44.0,73.0,169.0,168.0,117.0,180.0,166.0,160.0,159.0,161.0,163.0,177.0,151.0,97.0,40,0,0,0,1,0,0,0,40,13,8
88.0,116.0,48.0,20.0,16.0,15.0,17.0,38.0,37.0,35.0,47.0,90.0,68.0,44.0,73.0,169.0,168.0,117.0,180.0,166.0,160.0,159.0,161.0,163.0,177.0,151.0,97.0,40.0,33,0,1,0,0,0,0,0,33,14,8
116.0,48.0,20.0,16.0,15.0,17.0,38.0,37.0,35.0,47.0,90.0,68.0,44.0,73.0,169.0,168.0,117.0,180.0,166.0,160.0,159.0,161.0,163.0,177.0,151.0,97.0,40.0,33.0,68,0,0,0,0,0,1,0,68,15,8
48.0,20.0,16.0,15.0,17.0,38.0,37.0,35.0,47.0,90.0,68.0,44.0,73.0,169.0,168.0,117.0,180.0,166.0,160.0,159.0,161.0,163.0,177.0,151.0,97.0,40.0,33.0,68.0,42,0,0,0,0,0,0,1,42,16,8
20.0,16.0,15.0,17.0,38.0,37.0,35.0,47.0,90.0,68.0,44.0,73.0,169.0,168.0,117.0,180.0,166.0,160.0,159.0,161.0,163.0,177.0,151.0,97.0,40.0,33.0,68.0,42.0,33,0,0,0,0,1,0,0,33,17,8
16.0,15.0,17.0,38.0,37.0,35.0,47.0,90.0,68.0,44.0,73.0,169.0,168.0,117.0,180.0,166.0,160.0,159.0,161.0,163.0,177.0,151.0,97.0,40.0,33.0,68.0,42.0,33.0,30,1,0,0,0,0,0,0,30,18,8
15.0,17.0,38.0,37.0,35.0,47.0,90.0,68.0,44.0,73.0,169.0,168.0,117.0,180.0,166.0,160.0,159.0,161.0,163.0,177.0,151.0,97.0,40.0,33.0,68.0,42.0,33.0,30.0,25,0,0,1,0,0,0,0,25,19,8
17.0,38.0,37.0,35.0,47.0,90.0,68.0,44.0,73.0,169.0,168.0,117.0,180.0,166.0,160.0,159.0,161.0,163.0,177.0,151.0,97.0,40.0,33.0,68.0,42.0,33.0,30.0,25.0,51,0,0,0,1,0,0,0,51,20,8
38.0,37.0,35.0,47.0,90.0,68.0,44.0,73.0,169.0,168.0,117.0,180.0,166.0,160.0,159.0,161.0,163.0,177.0,151.0,97.0,40.0,33.0,68.0,42.0,33.0,30.0,25.0,51.0,43,0,1,0,0,0,0,0,43,21,8
37.0,35.0,47.0,90.0,68.0,44.0,73.0,169.0,168.0,117.0,180.0,166.0,160.0,159.0,161.0,163.0,177.0,151.0,97.0,40.0,33.0,68.0,42.0,33.0,30.0,25.0,51.0,43.0,53,0,0,0,0,0,1,0,53,22,8
35.0,47.0,90.0,68.0,44.0,73.0,169.0,168.0,117.0,180.0,166.0,160.0,159.0,161.0,163.0,177.0,151.0,97.0,40.0,33.0,68.0,42.0,33.0,30.0,25.0,51.0,43.0,53.0,63,0,0,0,0,0,0,1,63,23,8
47.0,90.0,68.0,44.0,73.0,169.0,168.0,117.0,180.0,166.0,160.0,159.0,161.0,163.0,177.0,151.0,97.0,40.0,33.0,68.0,42.0,33.0,30.0,25.0,51.0,43.0,53.0,63.0,32,0,0,0,0,1,0,0,32,24,8
90.0,68.0,44.0,73.0,169.0,168.0,117.0,180.0,166.0,160.0,159.0,161.0,163.0,177.0,151.0,97.0,40.0,33.0,68.0,42.0,33.0,30.0,25.0,51.0,43.0,53.0,63.0,32.0,27,1,0,0,0,0,0,0,27,25,8
68.0,44.0,73.0,169.0,168.0,117.0,180.0,166.0,160.0,159.0,161.0,163.0,177.0,151.0,97.0,40.0,33.0,68.0,42.0,33.0,30.0,25.0,51.0,43.0,53.0,63.0,32.0,27.0,36,0,0,1,0,0,0,0,36,26,8
44.0,73.0,169.0,168.0,117.0,180.0,166.0,160.0,159.0,161.0,163.0,177.0,151.0,97.0,40.0,33.0,68.0,42.0,33.0,30.0,25.0,51.0,43.0,53.0,63.0,32.0,27.0,36.0,43,0,0,0,1,0,0,0,43,27,8
73.0,169.0,168.0,117.0,180.0,166.0,160.0,159.0,161.0,163.0,177.0,151.0,97.0,40.0,33.0,68.0,42.0,33.0,30.0,25.0,51.0,43.0,53.0,63.0,32.0,27.0,36.0,43.0,61,0,1,0,0,0,0,0,61,28,8
169.0,168.0,117.0,180.0,166.0,160.0,159.0,161.0,163.0,177.0,151.0,97.0,40.0,33.0,68.0,42.0,33.0,30.0,25.0,51.0,43.0,53.0,63.0,32.0,27.0,36.0,43.0,61.0,82,0,0,0,0,0,1,0,82,29,8
168.0,117.0,180.0,166.0,160.0,159.0,161.0,163.0,177.0,151.0,97.0,40.0,33.0,68.0,42.0,33.0,30.0,25.0,51.0,43.0,53.0,63.0,32.0,27.0,36.0,43.0,61.0,82.0,88,0,0,0,0,0,0,1,88,30,8
117.0,180.0,166.0,160.0,159.0,161.0,163.0,177.0,151.0,97.0,40.0,33.0,68.0,42.0,33.0,30.0,25.0,51.0,43.0,53.0,63.0,32.0,27.0,36.0,43.0,61.0,82.0,88.0,96,0,0,0,0,1,0,0,96,31,8
180.0,166.0,160.0,159.0,161.0,163.0,177.0,151.0,97.0,40.0,33.0,68.0,42.0,33.0,30.0,25.0,51.0,43.0,53.0,63.0,32.0,27.0,36.0,43.0,61.0,82.0,88.0,96.0,72,1,0,0,0,0,0,0,72,1,9
166.0,160.0,159.0,161.0,163.0,177.0,151.0,97.0,40.0,33.0,68.0,42.0,33.0,30.0,25.0,51.0,43.0,53.0,63.0,32.0,27.0,36.0,43.0,61.0,82.0,88.0,96.0,72.0,72,0,0,1,0,0,0,0,72,2,9
160.0,159.0,161.0,163.0,177.0,151.0,97.0,40.0,33.0,68.0,42.0,33.0,30.0,25.0,51.0,43.0,53.0,63.0,32.0,27.0,36.0,43.0,61.0,82.0,88.0,96.0,72.0,72.0,85,0,0,0,1,0,0,0,85,3,9
159.0,161.0,163.0,177.0,151.0,97.0,40.0,33.0,68.0,42.0,33.0,30.0,25.0,51.0,43.0,53.0,63.0,32.0,27.0,36.0,43.0,61.0,82.0,88.0,96.0,72.0,72.0,85.0,154,0,1,0,0,0,0,0,154,4,9
161.0,163.0,177.0,151.0,97.0,40.0,33.0,68.0,42.0,33.0,30.0,25.0,51.0,43.0,53.0,63.0,32.0,27.0,36.0,43.0,61.0,82.0,88.0,96.0,72.0,72.0,85.0,154.0,157,0,0,0,0,0,1,0,157,5,9
163.0,177.0,151.0,97.0,40.0,33.0,68.0,42.0,33.0,30.0,25.0,51.0,43.0,53.0,63.0,32.0,27.0,36.0,43.0,61.0,82.0,88.0,96.0,72.0,72.0,85.0,154.0,157.0,181,0,0,0,0,0,0,1,181,6,9
177.0,151.0,97.0,40.0,33.0,68.0,42.0,33.0,30.0,25.0,51.0,43.0,53.0,63.0,32.0,27.0,36.0,43.0,61.0,82.0,88.0,96.0,72.0,72.0,85.0,154.0,157.0,181.0,199,0,0,0,0,1,0,0,199,7,9
151.0,97.0,40.0,33.0,68.0,42.0,33.0,30.0,25.0,51.0,43.0,53.0,63.0,32.0,27.0,36.0,43.0,61.0,82.0,88.0,96.0,72.0,72.0,85.0,154.0,157.0,181.0,199.0,217,1,0,0,0,0,0,0,217,8,9
97.0,40.0,33.0,68.0,42.0,33.0,30.0,25.0,51.0,43.0,53.0,63.0,32.0,27.0,36.0,43.0,61.0,82.0,88.0,96.0,72.0,72.0,85.0,154.0,157.0,181.0,199.0,217.0,97,0,0,1,0,0,0,0,97,9,9
40.0,33.0,68.0,42.0,33.0,30.0,25.0,51.0,43.0,53.0,63.0,32.0,27.0,36.0,43.0,61.0,82.0,88.0,96.0,72.0,72.0,85.0,154.0,157.0,181.0,199.0,217.0,97.0,23,0,0,0,1,0,0,0,23,10,9
33.0,68.0,42.0,33.0,30.0,25.0,51.0,43.0,53.0,63.0,32.0,27.0,36.0,43.0,61.0,82.0,88.0,96.0,72.0,72.0,85.0,154.0,157.0,181.0,199.0,217.0,97.0,23.0,56,0,1,0,0,0,0,0,56,11,9
68.0,42.0,33.0,30.0,25.0,51.0,43.0,53.0,63.0,32.0,27.0,36.0,43.0,61.0,82.0,88.0,96.0,72.0,72.0,85.0,154.0,157.0,181.0,199.0,217.0,97.0,23.0,56.0,66,0,0,0,0,0,1,0,66,12,9
42.0,33.0,30.0,25.0,51.0,43.0,53.0,63.0,32.0,27.0,36.0,43.0,61.0,82.0,88.0,96.0,72.0,72.0,85.0,154.0,157.0,181.0,199.0,217.0,97.0,23.0,56.0,66.0,94,0,0,0,0,0,0,1,94,13,9
33.0,30.0,25.0,51.0,43.0,53.0,63.0,32.0,27.0,36.0,43.0,61.0,82.0,88.0,96.0,72.0,72.0,85.0,154.0,157.0,181.0,199.0,217.0,97.0,23.0,56.0,66.0,94.0,83,0,0,0,0,1,0,0,83,14,9
30.0,25.0,51.0,43.0,53.0,63.0,32.0,27.0,36.0,43.0,61.0,82.0,88.0,96.0,72.0,72.0,85.0,154.0,157.0,181.0,199.0,217.0,97.0,23.0,56.0,66.0,94.0,83.0,68,1,0,0,0,0,0,0,68,15,9
25.0,51.0,43.0,53.0,63.0,32.0,27.0,36.0,43.0,61.0,82.0,88.0,96.0,72.0,72.0,85.0,154.0,157.0,181.0,199.0,217.0,97.0,23.0,56.0,66.0,94.0,83.0,68.0,78,0,0,1,0,0,0,0,78,16,9
51.0,43.0,53.0,63.0,32.0,27.0,36.0,43.0,61.0,82.0,88.0,96.0,72.0,72.0,85.0,154.0,157.0,181.0,199.0,217.0,97.0,23.0,56.0,66.0,94.0,83.0,68.0,78.0,83,0,0,0,1,0,0,0,83,17,9
43.0,53.0,63.0,32.0,27.0,36.0,43.0,61.0,82.0,88.0,96.0,72.0,72.0,85.0,154.0,157.0,181.0,199.0,217.0,97.0,23.0,56.0,66.0,94.0,83.0,68.0,78.0,83.0,38,0,1,0,0,0,0,0,38,18,9
53.0,63.0,32.0,27.0,36.0,43.0,61.0,82.0,88.0,96.0,72.0,72.0,85.0,154.0,157.0,181.0,199.0,217.0,97.0,23.0,56.0,66.0,94.0,83.0,68.0,78.0,83.0,38.0,22,0,0,0,0,0,1,0,22,19,9
63.0,32.0,27.0,36.0,43.0,61.0,82.0,88.0,96.0,72.0,72.0,85.0,154.0,157.0,181.0,199.0,217.0,97.0,23.0,56.0,66.0,94.0,83.0,68.0,78.0,83.0,38.0,22.0,21,0,0,0,0,0,0,1,21,20,9
32.0,27.0,36.0,43.0,61.0,82.0,88.0,96.0,72.0,72.0,85.0,154.0,157.0,181.0,199.0,217.0,97.0,23.0,56.0,66.0,94.0,83.0,68.0,78.0,83.0,38.0,22.0,21.0,19,0,0,0,0,1,0,0,19,21,9
27.0,36.0,43.0,61.0,82.0,88.0,96.0,72.0,72.0,85.0,154.0,157.0,181.0,199.0,217.0,97.0,23.0,56.0,66.0,94.0,83.0,68.0,78.0,83.0,38.0,22.0,21.0,19.0,21,1,0,0,0,0,0,0,21,22,9
36.0,43.0,61.0,82.0,88.0,96.0,72.0,72.0,85.0,154.0,157.0,181.0,199.0,217.0,97.0,23.0,56.0,66.0,94.0,83.0,68.0,78.0,83.0,38.0,22.0,21.0,19.0,21.0,25,0,0,1,0,0,0,0,25,23,9
43.0,61.0,82.0,88.0,96.0,72.0,72.0,85.0,154.0,157.0,181.0,199.0,217.0,97.0,23.0,56.0,66.0,94.0,83.0,68.0,78.0,83.0,38.0,22.0,21.0,19.0,21.0,25.0,25,0,0,0,1,0,0,0,25,24,9
61.0,82.0,88.0,96.0,72.0,72.0,85.0,154.0,157.0,181.0,199.0,217.0,97.0,23.0,56.0,66.0,94.0,83.0,68.0,78.0,83.0,38.0,22.0,21.0,19.0,21.0,25.0,25.0,27,0,1,0,0,0,0,0,27,25,9
82.0,88.0,96.0,72.0,72.0,85.0,154.0,157.0,181.0,199.0,217.0,97.0,23.0,56.0,66.0,94.0,83.0,68.0,78.0,83.0,38.0,22.0,21.0,19.0,21.0,25.0,25.0,27.0,26,0,0,0,0,0,1,0,26,26,9
88.0,96.0,72.0,72.0,85.0,154.0,157.0,181.0,199.0,217.0,97.0,23.0,56.0,66.0,94.0,83.0,68.0,78.0,83.0,38.0,22.0,21.0,19.0,21.0,25.0,25.0,27.0,26.0,24,0,0,0,0,0,0,1,24,27,9
96.0,72.0,72.0,85.0,154.0,157.0,181.0,199.0,217.0,97.0,23.0,56.0,66.0,94.0,83.0,68.0,78.0,83.0,38.0,22.0,21.0,19.0,21.0,25.0,25.0,27.0,26.0,24.0,27,0,0,0,0,1,0,0,27,28,9
72.0,72.0,85.0,154.0,157.0,181.0,199.0,217.0,97.0,23.0,56.0,66.0,94.0,83.0,68.0,78.0,83.0,38.0,22.0,21.0,19.0,21.0,25.0,25.0,27.0,26.0,24.0,27.0,33,1,0,0,0,0,0,0,33,29,9
72.0,85.0,154.0,157.0,181.0,199.0,217.0,97.0,23.0,56.0,66.0,94.0,83.0,68.0,78.0,83.0,38.0,22.0,21.0,19.0,21.0,25.0,25.0,27.0,26.0,24.0,27.0,33.0,18,0,0,1,0,0,0,0,18,30,9
85.0,154.0,157.0,181.0,199.0,217.0,97.0,23.0,56.0,66.0,94.0,83.0,68.0,78.0,83.0,38.0,22.0,21.0,19.0,21.0,25.0,25.0,27.0,26.0,24.0,27.0,33.0,18.0,14,0,0,0,1,0,0,0,14,1,10
154.0,157.0,181.0,199.0,217.0,97.0,23.0,56.0,66.0,94.0,83.0,68.0,78.0,83.0,38.0,22.0,21.0,19.0,21.0,25.0,25.0,27.0,26.0,24.0,27.0,33.0,18.0,14.0,17,0,1,0,0,0,0,0,17,2,10
157.0,181.0,199.0,217.0,97.0,23.0,56.0,66.0,94.0,83.0,68.0,78.0,83.0,38.0,22.0,21.0,19.0,21.0,25.0,25.0,27.0,26.0,24.0,27.0,33.0,18.0,14.0,17.0,19,0,0,0,0,0,1,0,19,3,10
181.0,199.0,217.0,97.0,23.0,56.0,66.0,94.0,83.0,68.0,78.0,83.0,38.0,22.0,21.0,19.0,21.0,25.0,25.0,27.0,26.0,24.0,27.0,33.0,18.0,14.0,17.0,19.0,27,0,0,0,0,0,0,1,27,4,10
199.0,217.0,97.0,23.0,56.0,66.0,94.0,83.0,68.0,78.0,83.0,38.0,22.0,21.0,19.0,21.0,25.0,25.0,27.0,26.0,24.0,27.0,33.0,18.0,14.0,17.0,19.0,27.0,52,0,0,0,0,1,0,0,52,5,10
217.0,97.0,23.0,56.0,66.0,94.0,83.0,68.0,78.0,83.0,38.0,22.0,21.0,19.0,21.0,25.0,25.0,27.0,26.0,24.0,27.0,33.0,18.0,14.0,17.0,19.0,27.0,52.0,43,1,0,0,0,0,0,0,43,6,10
97.0,23.0,56.0,66.0,94.0,83.0,68.0,78.0,83.0,38.0,22.0,21.0,19.0,21.0,25.0,25.0,27.0,26.0,24.0,27.0,33.0,18.0,14.0,17.0,19.0,27.0,52.0,43.0,20,0,0,1,0,0,0,0,20,7,10
23.0,56.0,66.0,94.0,83.0,68.0,78.0,83.0,38.0,22.0,21.0,19.0,21.0,25.0,25.0,27.0,26.0,24.0,27.0,33.0,18.0,14.0,17.0,19.0,27.0,52.0,43.0,20.0,20,0,0,0,1,0,0,0,20,8,10
56.0,66.0,94.0,83.0,68.0,78.0,83.0,38.0,22.0,21.0,19.0,21.0,25.0,25.0,27.0,26.0,24.0,27.0,33.0,18.0,14.0,17.0,19.0,27.0,52.0,43.0,20.0,20.0,23,0,1,0,0,0,0,0,23,9,10
66.0,94.0,83.0,68.0,78.0,83.0,38.0,22.0,21.0,19.0,21.0,25.0,25.0,27.0,26.0,24.0,27.0,33.0,18.0,14.0,17.0,19.0,27.0,52.0,43.0,20.0,20.0,23.0,31,0,0,0,0,0,1,0,31,10,10
94.0,83.0,68.0,78.0,83.0,38.0,22.0,21.0,19.0,21.0,25.0,25.0,27.0,26.0,24.0,27.0,33.0,18.0,14.0,17.0,19.0,27.0,52.0,43.0,20.0,20.0,23.0,31.0,29,0,0,0,0,0,0,1,29,11,10
83.0,68.0,78.0,83.0,38.0,22.0,21.0,19.0,21.0,25.0,25.0,27.0,26.0,24.0,27.0,33.0,18.0,14.0,17.0,19.0,27.0,52.0,43.0,20.0,20.0,23.0,31.0,29.0,23,0,0,0,0,1,0,0,23,12,10
68.0,78.0,83.0,38.0,22.0,21.0,19.0,21.0,25.0,25.0,27.0,26.0,24.0,27.0,33.0,18.0,14.0,17.0,19.0,27.0,52.0,43.0,20.0,20.0,23.0,31.0,29.0,23.0,28,1,0,0,0,0,0,0,28,13,10
78.0,83.0,38.0,22.0,21.0,19.0,21.0,25.0,25.0,27.0,26.0,24.0,27.0,33.0,18.0,14.0,17.0,19.0,27.0,52.0,43.0,20.0,20.0,23.0,31.0,29.0,23.0,28.0,34,0,0,1,0,0,0,0,34,14,10
83.0,38.0,22.0,21.0,19.0,21.0,25.0,25.0,27.0,26.0,24.0,27.0,33.0,18.0,14.0,17.0,19.0,27.0,52.0,43.0,20.0,20.0,23.0,31.0,29.0,23.0,28.0,34.0,34,0,0,0,1,0,0,0,34,15,10
38.0,22.0,21.0,19.0,21.0,25.0,25.0,27.0,26.0,24.0,27.0,33.0,18.0,14.0,17.0,19.0,27.0,52.0,43.0,20.0,20.0,23.0,31.0,29.0,23.0,28.0,34.0,34.0,41,0,1,0,0,0,0,0,41,16,10
22.0,21.0,19.0,21.0,25.0,25.0,27.0,26.0,24.0,27.0,33.0,18.0,14.0,17.0,19.0,27.0,52.0,43.0,20.0,20.0,23.0,31.0,29.0,23.0,28.0,34.0,34.0,41.0,30,0,0,0,0,0,1,0,30,17,10
21.0,19.0,21.0,25.0,25.0,27.0,26.0,24.0,27.0,33.0,18.0,14.0,17.0,19.0,27.0,52.0,43.0,20.0,20.0,23.0,31.0,29.0,23.0,28.0,34.0,34.0,41.0,30.0,41,0,0,0,0,0,0,1,41,18,10
19.0,21.0,25.0,25.0,27.0,26.0,24.0,27.0,33.0,18.0,14.0,17.0,19.0,27.0,52.0,43.0,20.0,20.0,23.0,31.0,29.0,23.0,28.0,34.0,34.0,41.0,30.0,41.0,52,0,0,0,0,1,0,0,52,19,10
21.0,25.0,25.0,27.0,26.0,24.0,27.0,33.0,18.0,14.0,17.0,19.0,27.0,52.0,43.0,20.0,20.0,23.0,31.0,29.0,23.0,28.0,34.0,34.0,41.0,30.0,41.0,52.0,27,1,0,0,0,0,0,0,27,20,10
25.0,25.0,27.0,26.0,24.0,27.0,33.0,18.0,14.0,17.0,19.0,27.0,52.0,43.0,20.0,20.0,23.0,31.0,29.0,23.0,28.0,34.0,34.0,41.0,30.0,41.0,52.0,27.0,43,0,0,1,0,0,0,0,43,21,10
25.0,27.0,26.0,24.0,27.0,33.0,18.0,14.0,17.0,19.0,27.0,52.0,43.0,20.0,20.0,23.0,31.0,29.0,23.0,28.0,34.0,34.0,41.0,30.0,41.0,52.0,27.0,43.0,30,0,0,0,1,0,0,0,30,22,10
27.0,26.0,24.0,27.0,33.0,18.0,14.0,17.0,19.0,27.0,52.0,43.0,20.0,20.0,23.0,31.0,29.0,23.0,28.0,34.0,34.0,41.0,30.0,41.0,52.0,27.0,43.0,30.0,30,0,1,0,0,0,0,0,30,23,10
26.0,24.0,27.0,33.0,18.0,14.0,17.0,19.0,27.0,52.0,43.0,20.0,20.0,23.0,31.0,29.0,23.0,28.0,34.0,34.0,41.0,30.0,41.0,52.0,27.0,43.0,30.0,30.0,40,0,0,0,0,0,1,0,40,24,10
24.0,27.0,33.0,18.0,14.0,17.0,19.0,27.0,52.0,43.0,20.0,20.0,23.0,31.0,29.0,23.0,28.0,34.0,34.0,41.0,30.0,41.0,52.0,27.0,43.0,30.0,30.0,40.0,52,0,0,0,0,0,0,1,52,25,10
27.0,33.0,18.0,14.0,17.0,19.0,27.0,52.0,43.0,20.0,20.0,23.0,31.0,29.0,23.0,28.0,34.0,34.0,41.0,30.0,41.0,52.0,27.0,43.0,30.0,30.0,40.0,52.0,61,0,0,0,0,1,0,0,61,26,10
33.0,18.0,14.0,17.0,19.0,27.0,52.0,43.0,20.0,20.0,23.0,31.0,29.0,23.0,28.0,34.0,34.0,41.0,30.0,41.0,52.0,27.0,43.0,30.0,30.0,40.0,52.0,61.0,60,1,0,0,0,0,0,0,60,27,10
18.0,14.0,17.0,19.0,27.0,52.0,43.0,20.0,20.0,23.0,31.0,29.0,23.0,28.0,34.0,34.0,41.0,30.0,41.0,52.0,27.0,43.0,30.0,30.0,40.0,52.0,61.0,60.0,68,0,0,1,0,0,0,0,68,28,10
14.0,17.0,19.0,27.0,52.0,43.0,20.0,20.0,23.0,31.0,29.0,23.0,28.0,34.0,34.0,41.0,30.0,41.0,52.0,27.0,43.0,30.0,30.0,40.0,52.0,61.0,60.0,68.0,62,0,0,0,1,0,0,0,62,29,10
17.0,19.0,27.0,52.0,43.0,20.0,20.0,23.0,31.0,29.0,23.0,28.0,34.0,34.0,41.0,30.0,41.0,52.0,27.0,43.0,30.0,30.0,40.0,52.0,61.0,60.0,68.0,62.0,47,0,1,0,0,0,0,0,47,30,10
19.0,27.0,52.0,43.0,20.0,20.0,23.0,31.0,29.0,23.0,28.0,34.0,34.0,41.0,30.0,41.0,52.0,27.0,43.0,30.0,30.0,40.0,52.0,61.0,60.0,68.0,62.0,47.0,62,0,0,0,0,0,1,0,62,31,10
27.0,52.0,43.0,20.0,20.0,23.0,31.0,29.0,23.0,28.0,34.0,34.0,41.0,30.0,41.0,52.0,27.0,43.0,30.0,30.0,40.0,52.0,61.0,60.0,68.0,62.0,47.0,62.0,47,0,0,0,0,0,0,1,47,1,11
52.0,43.0,20.0,20.0,23.0,31.0,29.0,23.0,28.0,34.0,34.0,41.0,30.0,41.0,52.0,27.0,43.0,30.0,30.0,40.0,52.0,61.0,60.0,68.0,62.0,47.0,62.0,47.0,35,0,0,0,0,1,0,0,35,2,11
43.0,20.0,20.0,23.0,31.0,29.0,23.0,28.0,34.0,34.0,41.0,30.0,41.0,52.0,27.0,43.0,30.0,30.0,40.0,52.0,61.0,60.0,68.0,62.0,47.0,62.0,47.0,35.0,41,1,0,0,0,0,0,0,41,3,11
20.0,20.0,23.0,31.0,29.0,23.0,28.0,34.0,34.0,41.0,30.0,41.0,52.0,27.0,43.0,30.0,30.0,40.0,52.0,61.0,60.0,68.0,62.0,47.0,62.0,47.0,35.0,41.0,60,0,0,1,0,0,0,0,60,4,11
20.0,23.0,31.0,29.0,23.0,28.0,34.0,34.0,41.0,30.0,41.0,52.0,27.0,43.0,30.0,30.0,40.0,52.0,61.0,60.0,68.0,62.0,47.0,62.0,47.0,35.0,41.0,60.0,72,0,0,0,1,0,0,0,72,5,11
23.0,31.0,29.0,23.0,28.0,34.0,34.0,41.0,30.0,41.0,52.0,27.0,43.0,30.0,30.0,40.0,52.0,61.0,60.0,68.0,62.0,47.0,62.0,47.0,35.0,41.0,60.0,72.0,68,0,1,0,0,0,0,0,68,6,11
31.0,29.0,23.0,28.0,34.0,34.0,41.0,30.0,41.0,52.0,27.0,43.0,30.0,30.0,40.0,52.0,61.0,60.0,68.0,62.0,47.0,62.0,47.0,35.0,41.0,60.0,72.0,68.0,92,0,0,0,0,0,1,0,92,7,11
29.0,23.0,28.0,34.0,34.0,41.0,30.0,41.0,52.0,27.0,43.0,30.0,30.0,40.0,52.0,61.0,60.0,68.0,62.0,47.0,62.0,47.0,35.0,41.0,60.0,72.0,68.0,92.0,84,0,0,0,0,0,0,1,84,8,11
23.0,28.0,34.0,34.0,41.0,30.0,41.0,52.0,27.0,43.0,30.0,30.0,40.0,52.0,61.0,60.0,68.0,62.0,47.0,62.0,47.0,35.0,41.0,60.0,72.0,68.0,92.0,84.0,81,0,0,0,0,1,0,0,81,9,11
28.0,34.0,34.0,41.0,30.0,41.0,52.0,27.0,43.0,30.0,30.0,40.0,52.0,61.0,60.0,68.0,62.0,47.0,62.0,47.0,35.0,41.0,60.0,72.0,68.0,92.0,84.0,81.0,68,1,0,0,0,0,0,0,68,10,11
34.0,34.0,41.0,30.0,41.0,52.0,27.0,43.0,30.0,30.0,40.0,52.0,61.0,60.0,68.0,62.0,47.0,62.0,47.0,35.0,41.0,60.0,72.0,68.0,92.0,84.0,81.0,68.0,45,0,0,1,0,0,0,0,45,11,11
34.0,41.0,30.0,41.0,52.0,27.0,43.0,30.0,30.0,40.0,52.0,61.0,60.0,68.0,62.0,47.0,62.0,47.0,35.0,41.0,60.0,72.0,68.0,92.0,84.0,81.0,68.0,45.0,67,0,0,0,1,0,0,0,67,12,11
41.0,30.0,41.0,52.0,27.0,43.0,30.0,30.0,40.0,52.0,61.0,60.0,68.0,62.0,47.0,62.0,47.0,35.0,41.0,60.0,72.0,68.0,92.0,84.0,81.0,68.0,45.0,67.0,34,0,1,0,0,0,0,0,34,13,11
30.0,41.0,52.0,27.0,43.0,30.0,30.0,40.0,52.0,61.0,60.0,68.0,62.0,47.0,62.0,47.0,35.0,41.0,60.0,72.0,68.0,92.0,84.0,81.0,68.0,45.0,67.0,34.0,25,0,0,0,0,0,1,0,25,14,11
41.0,52.0,27.0,43.0,30.0,30.0,40.0,52.0,61.0,60.0,68.0,62.0,47.0,62.0,47.0,35.0,41.0,60.0,72.0,68.0,92.0,84.0,81.0,68.0,45.0,67.0,34.0,25.0,33,0,0,0,0,0,0,1,33,15,11
52.0,27.0,43.0,30.0,30.0,40.0,52.0,61.0,60.0,68.0,62.0,47.0,62.0,47.0,35.0,41.0,60.0,72.0,68.0,92.0,84.0,81.0,68.0,45.0,67.0,34.0,25.0,33.0,41,0,0,0,0,1,0,0,41,16,11
27.0,43.0,30.0,30.0,40.0,52.0,61.0,60.0,68.0,62.0,47.0,62.0,47.0,35.0,41.0,60.0,72.0,68.0,92.0,84.0,81.0,68.0,45.0,67.0,34.0,25.0,33.0,41.0,63,1,0,0,0,0,0,0,63,17,11
43.0,30.0,30.0,40.0,52.0,61.0,60.0,68.0,62.0,47.0,62.0,47.0,35.0,41.0,60.0,72.0,68.0,92.0,84.0,81.0,68.0,45.0,67.0,34.0,25.0,33.0,41.0,63.0,54,0,0,1,0,0,0,0,54,18,11
30.0,30.0,40.0,52.0,61.0,60.0,68.0,62.0,47.0,62.0,47.0,35.0,41.0,60.0,72.0,68.0,92.0,84.0,81.0,68.0,45.0,67.0,34.0,25.0,33.0,41.0,63.0,54.0,55,0,0,0,1,0,0,0,55,19,11
30.0,40.0,52.0,61.0,60.0,68.0,62.0,47.0,62.0,47.0,35.0,41.0,60.0,72.0,68.0,92.0,84.0,81.0,68.0,45.0,67.0,34.0,25.0,33.0,41.0,63.0,54.0,55.0,43,0,1,0,0,0,0,0,43,20,11
40.0,52.0,61.0,60.0,68.0,62.0,47.0,62.0,47.0,35.0,41.0,60.0,72.0,68.0,92.0,84.0,81.0,68.0,45.0,67.0,34.0,25.0,33.0,41.0,63.0,54.0,55.0,43.0,41,0,0,0,0,0,1,0,41,21,11
52.0,61.0,60.0,68.0,62.0,47.0,62.0,47.0,35.0,41.0,60.0,72.0,68.0,92.0,84.0,81.0,68.0,45.0,67.0,34.0,25.0,33.0,41.0,63.0,54.0,55.0,43.0,41.0,52,0,0,0,0,0,0,1,52,22,11
61.0,60.0,68.0,62.0,47.0,62.0,47.0,35.0,41.0,60.0,72.0,68.0,92.0,84.0,81.0,68.0,45.0,67.0,34.0,25.0,33.0,41.0,63.0,54.0,55.0,43.0,41.0,52.0,31,0,0,0,0,1,0,0,31,23,11
60.0,68.0,62.0,47.0,62.0,47.0,35.0,41.0,60.0,72.0,68.0,92.0,84.0,81.0,68.0,45.0,67.0,34.0,25.0,33.0,41.0,63.0,54.0,55.0,43.0,41.0,52.0,31.0,53,1,0,0,0,0,0,0,53,24,11
68.0,62.0,47.0,62.0,47.0,35.0,41.0,60.0,72.0,68.0,92.0,84.0,81.0,68.0,45.0,67.0,34.0,25.0,33.0,41.0,63.0,54.0,55.0,43.0,41.0,52.0,31.0,53.0,52,0,0,1,0,0,0,0,52,25,11
62.0,47.0,62.0,47.0,35.0,41.0,60.0,72.0,68.0,92.0,84.0,81.0,68.0,45.0,67.0,34.0,25.0,33.0,41.0,63.0,54.0,55.0,43.0,41.0,52.0,31.0,53.0,52.0,46,0,0,0,1,0,0,0,46,26,11
47.0,62.0,47.0,35.0,41.0,60.0,72.0,68.0,92.0,84.0,81.0,68.0,45.0,67.0,34.0,25.0,33.0,41.0,63.0,54.0,55.0,43.0,41.0,52.0,31.0,53.0,52.0,46.0,54,0,1,0,0,0,0,0,54,27,11
62.0,47.0,35.0,41.0,60.0,72.0,68.0,92.0,84.0,81.0,68.0,45.0,67.0,34.0,25.0,33.0,41.0,63.0,54.0,55.0,43.0,41.0,52.0,31.0,53.0,52.0,46.0,54.0,54,0,0,0,0,0,1,0,54,28,11
47.0,35.0,41.0,60.0,72.0,68.0,92.0,84.0,81.0,68.0,45.0,67.0,34.0,25.0,33.0,41.0,63.0,54.0,55.0,43.0,41.0,52.0,31.0,53.0,52.0,46.0,54.0,54.0,38,0,0,0,0,0,0,1,38,29,11
35.0,41.0,60.0,72.0,68.0,92.0,84.0,81.0,68.0,45.0,67.0,34.0,25.0,33.0,41.0,63.0,54.0,55.0,43.0,41.0,52.0,31.0,53.0,52.0,46.0,54.0,54.0,38.0,48,0,0,0,0,1,0,0,48,30,11
41.0,60.0,72.0,68.0,92.0,84.0,81.0,68.0,45.0,67.0,34.0,25.0,33.0,41.0,63.0,54.0,55.0,43.0,41.0,52.0,31.0,53.0,52.0,46.0,54.0,54.0,38.0,48.0,43,1,0,0,0,0,0,0,43,1,12
60.0,72.0,68.0,92.0,84.0,81.0,68.0,45.0,67.0,34.0,25.0,33.0,41.0,63.0,54.0,55.0,43.0,41.0,52.0,31.0,53.0,52.0,46.0,54.0,54.0,38.0,48.0,43.0,43,0,0,1,0,0,0,0,43,2,12
72.0,68.0,92.0,84.0,81.0,68.0,45.0,67.0,34.0,25.0,33.0,41.0,63.0,54.0,55.0,43.0,41.0,52.0,31.0,53.0,52.0,46.0,54.0,54.0,38.0,48.0,43.0,43.0,62,0,0,0,1,0,0,0,62,3,12
68.0,92.0,84.0,81.0,68.0,45.0,67.0,34.0,25.0,33.0,41.0,63.0,54.0,55.0,43.0,41.0,52.0,31.0,53.0,52.0,46.0,54.0,54.0,38.0,48.0,43.0,43.0,62.0,67,0,1,0,0,0,0,0,67,4,12
92.0,84.0,81.0,68.0,45.0,67.0,34.0,25.0,33.0,41.0,63.0,54.0,55.0,43.0,41.0,52.0,31.0,53.0,52.0,46.0,54.0,54.0,38.0,48.0,43.0,43.0,62.0,67.0,67,0,0,0,0,0,1,0,67,5,12
84.0,81.0,68.0,45.0,67.0,34.0,25.0,33.0,41.0,63.0,54.0,55.0,43.0,41.0,52.0,31.0,53.0,52.0,46.0,54.0,54.0,38.0,48.0,43.0,43.0,62.0,67.0,67.0,77,0,0,0,0,0,0,1,77,6,12
81.0,68.0,45.0,67.0,34.0,25.0,33.0,41.0,63.0,54.0,55.0,43.0,41.0,52.0,31.0,53.0,52.0,46.0,54.0,54.0,38.0,48.0,43.0,43.0,62.0,67.0,67.0,77.0,63,0,0,0,0,1,0,0,63,7,12
68.0,45.0,67.0,34.0,25.0,33.0,41.0,63.0,54.0,55.0,43.0,41.0,52.0,31.0,53.0,52.0,46.0,54.0,54.0,38.0,48.0,43.0,43.0,62.0,67.0,67.0,77.0,63.0,58,1,0,0,0,0,0,0,58,8,12
45.0,67.0,34.0,25.0,33.0,41.0,63.0,54.0,55.0,43.0,41.0,52.0,31.0,53.0,52.0,46.0,54.0,54.0,38.0,48.0,43.0,43.0,62.0,67.0,67.0,77.0,63.0,58.0,38,0,0,1,0,0,0,0,38,9,12
67.0,34.0,25.0,33.0,41.0,63.0,54.0,55.0,43.0,41.0,52.0,31.0,53.0,52.0,46.0,54.0,54.0,38.0,48.0,43.0,43.0,62.0,67.0,67.0,77.0,63.0,58.0,38.0,42,0,0,0,1,0,0,0,42,10,12
34.0,25.0,33.0,41.0,63.0,54.0,55.0,43.0,41.0,52.0,31.0,53.0,52.0,46.0,54.0,54.0,38.0,48.0,43.0,43.0,62.0,67.0,67.0,77.0,63.0,58.0,38.0,42.0,52,0,1,0,0,0,0,0,52,11,12
25.0,33.0,41.0,63.0,54.0,55.0,43.0,41.0,52.0,31.0,53.0,52.0,46.0,54.0,54.0,38.0,48.0,43.0,43.0,62.0,67.0,67.0,77.0,63.0,58.0,38.0,42.0,52.0,59,0,0,0,0,0,1,0,59,12,12
33.0,41.0,63.0,54.0,55.0,43.0,41.0,52.0,31.0,53.0,52.0,46.0,54.0,54.0,38.0,48.0,43.0,43.0,62.0,67.0,67.0,77.0,63.0,58.0,38.0,42.0,52.0,59.0,69,0,0,0,0,0,0,1,69,13,12
41.0,63.0,54.0,55.0,43.0,41.0,52.0,31.0,53.0,52.0,46.0,54.0,54.0,38.0,48.0,43.0,43.0,62.0,67.0,67.0,77.0,63.0,58.0,38.0,42.0,52.0,59.0,69.0,66,0,0,0,0,1,0,0,66,14,12
63.0,54.0,55.0,43.0,41.0,52.0,31.0,53.0,52.0,46.0,54.0,54.0,38.0,48.0,43.0,43.0,62.0,67.0,67.0,77.0,63.0,58.0,38.0,42.0,52.0,59.0,69.0,66.0,59,1,0,0,0,0,0,0,59,15,12
54.0,55.0,43.0,41.0,52.0,31.0,53.0,52.0,46.0,54.0,54.0,38.0,48.0,43.0,43.0,62.0,67.0,67.0,77.0,63.0,58.0,38.0,42.0,52.0,59.0,69.0,66.0,59.0,56,0,0,1,0,0,0,0,56,16,12
55.0,43.0,41.0,52.0,31.0,53.0,52.0,46.0,54.0,54.0,38.0,48.0,43.0,43.0,62.0,67.0,67.0,77.0,63.0,58.0,38.0,42.0,52.0,59.0,69.0,66.0,59.0,56.0,48,0,0,0,1,0,0,0,48,17,12
43.0,41.0,52.0,31.0,53.0,52.0,46.0,54.0,54.0,38.0,48.0,43.0,43.0,62.0,67.0,67.0,77.0,63.0,58.0,38.0,42.0,52.0,59.0,69.0,66.0,59.0,56.0,48.0,58,0,1,0,0,0,0,0,58,18,12
41.0,52.0,31.0,53.0,52.0,46.0,54.0,54.0,38.0,48.0,43.0,43.0,62.0,67.0,67.0,77.0,63.0,58.0,38.0,42.0,52.0,59.0,69.0,66.0,59.0,56.0,48.0,58.0,68,0,0,0,0,0,1,0,68,19,12
52.0,31.0,53.0,52.0,46.0,54.0,54.0,38.0,48.0,43.0,43.0,62.0,67.0,67.0,77.0,63.0,58.0,38.0,42.0,52.0,59.0,69.0,66.0,59.0,56.0,48.0,58.0,68.0,37,0,0,0,0,0,0,1,37,20,12
31.0,53.0,52.0,46.0,54.0,54.0,38.0,48.0,43.0,43.0,62.0,67.0,67.0,77.0,63.0,58.0,38.0,42.0,52.0,59.0,69.0,66.0,59.0,56.0,48.0,58.0,68.0,37.0,57,0,0,0,0,1,0,0,57,21,12
53.0,52.0,46.0,54.0,54.0,38.0,48.0,43.0,43.0,62.0,67.0,67.0,77.0,63.0,58.0,38.0,42.0,52.0,59.0,69.0,66.0,59.0,56.0,48.0,58.0,68.0,37.0,57.0,59,1,0,0,0,0,0,0,59,22,12
52.0,46.0,54.0,54.0,38.0,48.0,43.0,43.0,62.0,67.0,67.0,77.0,63.0,58.0,38.0,42.0,52.0,59.0,69.0,66.0,59.0,56.0,48.0,58.0,68.0,37.0,57.0,59.0,65,0,0,1,0,0,0,0,65,23,12
46.0,54.0,54.0,38.0,48.0,43.0,43.0,62.0,67.0,67.0,77.0,63.0,58.0,38.0,42.0,52.0,59.0,69.0,66.0,59.0,56.0,48.0,58.0,68.0,37.0,57.0,59.0,65.0,50,0,0,0,1,0,0,0,50,24,12
54.0,54.0,38.0,48.0,43.0,43.0,62.0,67.0,67.0,77.0,63.0,58.0,38.0,42.0,52.0,59.0,69.0,66.0,59.0,56.0,48.0,58.0,68.0,37.0,57.0,59.0,65.0,50.0,51,0,1,0,0,0,0,0,51,25,12
54.0,38.0,48.0,43.0,43.0,62.0,67.0,67.0,77.0,63.0,58.0,38.0,42.0,52.0,59.0,69.0,66.0,59.0,56.0,48.0,58.0,68.0,37.0,57.0,59.0,65.0,50.0,51.0,41,0,0,0,0,0,1,0,41,26,12
38.0,48.0,43.0,43.0,62.0,67.0,67.0,77.0,63.0,58.0,38.0,42.0,52.0,59.0,69.0,66.0,59.0,56.0,48.0,58.0,68.0,37.0,57.0,59.0,65.0,50.0,51.0,41.0,66,0,0,0,0,0,0,1,66,27,12
48.0,43.0,43.0,62.0,67.0,67.0,77.0,63.0,58.0,38.0,42.0,52.0,59.0,69.0,66.0,59.0,56.0,48.0,58.0,68.0,37.0,57.0,59.0,65.0,50.0,51.0,41.0,66.0,65,0,0,0,0,1,0,0,65,28,12
43.0,43.0,62.0,67.0,67.0,77.0,63.0,58.0,38.0,42.0,52.0,59.0,69.0,66.0,59.0,56.0,48.0,58.0,68.0,37.0,57.0,59.0,65.0,50.0,51.0,41.0,66.0,65.0,57,1,0,0,0,0,0,0,57,29,12
43.0,62.0,67.0,67.0,77.0,63.0,58.0,38.0,42.0,52.0,59.0,69.0,66.0,59.0,56.0,48.0,58.0,68.0,37.0,57.0,59.0,65.0,50.0,51.0,41.0,66.0,65.0,57.0,59,0,0,1,0,0,0,0,59,30,12
62.0,67.0,67.0,77.0,63.0,58.0,38.0,42.0,52.0,59.0,69.0,66.0,59.0,56.0,48.0,58.0,68.0,37.0,57.0,59.0,65.0,50.0,51.0,41.0,66.0,65.0,57.0,59.0,64,0,0,0,1,0,0,0,64,31,12
67.0,67.0,77.0,63.0,58.0,38.0,42.0,52.0,59.0,69.0,66.0,59.0,56.0,48.0,58.0,68.0,37.0,57.0,59.0,65.0,50.0,51.0,41.0,66.0,65.0,57.0,59.0,64.0,28,0,1,0,0,0,0,0,28,1,1
67.0,77.0,63.0,58.0,38.0,42.0,52.0,59.0,69.0,66.0,59.0,56.0,48.0,58.0,68.0,37.0,57.0,59.0,65.0,50.0,51.0,41.0,66.0,65.0,57.0,59.0,64.0,28.0,32,0,0,0,0,0,1,0,32,2,1
77.0,63.0,58.0,38.0,42.0,52.0,59.0,69.0,66.0,59.0,56.0,48.0,58.0,68.0,37.0,57.0,59.0,65.0,50.0,51.0,41.0,66.0,65.0,57.0,59.0,64.0,28.0,32.0,62,0,0,0,0,0,0,1,62,3,1
63.0,58.0,38.0,42.0,52.0,59.0,69.0,66.0,59.0,56.0,48.0,58.0,68.0,37.0,57.0,59.0,65.0,50.0,51.0,41.0,66.0,65.0,57.0,59.0,64.0,28.0,32.0,62.0,76,0,0,0,0,1,0,0,76,4,1
58.0,38.0,42.0,52.0,59.0,69.0,66.0,59.0,56.0,48.0,58.0,68.0,37.0,57.0,59.0,65.0,50.0,51.0,41.0,66.0,65.0,57.0,59.0,64.0,28.0,32.0,62.0,76.0,75,1,0,0,0,0,0,0,75,5,1
38.0,42.0,52.0,59.0,69.0,66.0,59.0,56.0,48.0,58.0,68.0,37.0,57.0,59.0,65.0,50.0,51.0,41.0,66.0,65.0,57.0,59.0,64.0,28.0,32.0,62.0,76.0,75.0,71,0,0,1,0,0,0,0,71,6,1
42.0,52.0,59.0,69.0,66.0,59.0,56.0,48.0,58.0,68.0,37.0,57.0,59.0,65.0,50.0,51.0,41.0,66.0,65.0,57.0,59.0,64.0,28.0,32.0,62.0,76.0,75.0,71.0,56,0,0,0,1,0,0,0,56,7,1
52.0,59.0,69.0,66.0,59.0,56.0,48.0,58.0,68.0,37.0,57.0,59.0,65.0,50.0,51.0,41.0,66.0,65.0,57.0,59.0,64.0,28.0,32.0,62.0,76.0,75.0,71.0,56.0,64,0,1,0,0,0,0,0,64,8,1
59.0,69.0,66.0,59.0,56.0,48.0,58.0,68.0,37.0,57.0,59.0,65.0,50.0,51.0,41.0,66.0,65.0,57.0,59.0,64.0,28.0,32.0,62.0,76.0,75.0,71.0,56.0,64.0,56,0,0,0,0,0,1,0,56,9,1
69.0,66.0,59.0,56.0,48.0,58.0,68.0,37.0,57.0,59.0,65.0,50.0,51.0,41.0,66.0,65.0,57.0,59.0,64.0,28.0,32.0,62.0,76.0,75.0,71.0,56.0,64.0,56.0,67,0,0,0,0,0,0,1,67,10,1
66.0,59.0,56.0,48.0,58.0,68.0,37.0,57.0,59.0,65.0,50.0,51.0,41.0,66.0,65.0,57.0,59.0,64.0,28.0,32.0,62.0,76.0,75.0,71.0,56.0,64.0,56.0,67.0,65,0,0,0,0,1,0,0,65,11,1
59.0,56.0,48.0,58.0,68.0,37.0,57.0,59.0,65.0,50.0,51.0,41.0,66.0,65.0,57.0,59.0,64.0,28.0,32.0,62.0,76.0,75.0,71.0,56.0,64.0,56.0,67.0,65.0,68,1,0,0,0,0,0,0,68,12,1
56.0,48.0,58.0,68.0,37.0,57.0,59.0,65.0,50.0,51.0,41.0,66.0,65.0,57.0,59.0,64.0,28.0,32.0,62.0,76.0,75.0,71.0,56.0,64.0,56.0,67.0,65.0,68.0,72,0,0,1,0,0,0,0,72,13,1
48.0,58.0,68.0,37.0,57.0,59.0,65.0,50.0,51.0,41.0,66.0,65.0,57.0,59.0,64.0,28.0,32.0,62.0,76.0,75.0,71.0,56.0,64.0,56.0,67.0,65.0,68.0,72.0,65,0,0,0,1,0,0,0,65,14,1
58.0,68.0,37.0,57.0,59.0,65.0,50.0,51.0,41.0,66.0,65.0,57.0,59.0,64.0,28.0,32.0,62.0,76.0,75.0,71.0,56.0,64.0,56.0,67.0,65.0,68.0,72.0,65.0,58,0,1,0,0,0,0,0,58,15,1
68.0,37.0,57.0,59.0,65.0,50.0,51.0,41.0,66.0,65.0,57.0,59.0,64.0,28.0,32.0,62.0,76.0,75.0,71.0,56.0,64.0,56.0,67.0,65.0,68.0,72.0,65.0,58.0,58,0,0,0,0,0,1,0,58,16,1
37.0,57.0,59.0,65.0,50.0,51.0,41.0,66.0,65.0,57.0,59.0,64.0,28.0,32.0,62.0,76.0,75.0,71.0,56.0,64.0,56.0,67.0,65.0,68.0,72.0,65.0,58.0,58.0,56,0,0,0,0,0,0,1,56,17,1
57.0,59.0,65.0,50.0,51.0,41.0,66.0,65.0,57.0,59.0,64.0,28.0,32.0,62.0,76.0,75.0,71.0,56.0,64.0,56.0,67.0,65.0,68.0,72.0,65.0,58.0,58.0,56.0,47,0,0,0,0,1,0,0,47,18,1
59.0,65.0,50.0,51.0,41.0,66.0,65.0,57.0,59.0,64.0,28.0,32.0,62.0,76.0,75.0,71.0,56.0,64.0,56.0,67.0,65.0,68.0,72.0,65.0,58.0,58.0,56.0,47.0,28,1,0,0,0,0,0,0,28,19,1
65.0,50.0,51.0,41.0,66.0,65.0,57.0,59.0,64.0,28.0,32.0,62.0,76.0,75.0,71.0,56.0,64.0,56.0,67.0,65.0,68.0,72.0,65.0,58.0,58.0,56.0,47.0,28.0,43,0,0,1,0,0,0,0,43,20,1
50.0,51.0,41.0,66.0,65.0,57.0,59.0,64.0,28.0,32.0,62.0,76.0,75.0,71.0,56.0,64.0,56.0,67.0,65.0,68.0,72.0,65.0,58.0,58.0,56.0,47.0,28.0,43.0,48,0,0,0,1,0,0,0,48,21,1
51.0,41.0,66.0,65.0,57.0,59.0,64.0,28.0,32.0,62.0,76.0,75.0,71.0,56.0,64.0,56.0,67.0,65.0,68.0,72.0,65.0,58.0,58.0,56.0,47.0,28.0,43.0,48.0,43,0,1,0,0,0,0,0,43,22,1
41.0,66.0,65.0,57.0,59.0,64.0,28.0,32.0,62.0,76.0,75.0,71.0,56.0,64.0,56.0,67.0,65.0,68.0,72.0,65.0,58.0,58.0,56.0,47.0,28.0,43.0,48.0,43.0,59,0,0,0,0,0,1,0,59,23,1
66.0,65.0,57.0,59.0,64.0,28.0,32.0,62.0,76.0,75.0,71.0,56.0,64.0,56.0,67.0,65.0,68.0,72.0,65.0,58.0,58.0,56.0,47.0,28.0,43.0,48.0,43.0,59.0,53,0,0,0,0,0,0,1,53,24,1
65.0,57.0,59.0,64.0,28.0,32.0,62.0,76.0,75.0,71.0,56.0,64.0,56.0,67.0,65.0,68.0,72.0,65.0,58.0,58.0,56.0,47.0,28.0,43.0,48.0,43.0,59.0,53.0,37,0,0,0,0,1,0,0,37,25,1
57.0,59.0,64.0,28.0,32.0,62.0,76.0,75.0,71.0,56.0,64.0,56.0,67.0,65.0,68.0,72.0,65.0,58.0,58.0,56.0,47.0,28.0,43.0,48.0,43.0,59.0,53.0,37.0,57,1,0,0,0,0,0,0,57,26,1
59.0,64.0,28.0,32.0,62.0,76.0,75.0,71.0,56.0,64.0,56.0,67.0,65.0,68.0,72.0,65.0,58.0,58.0,56.0,47.0,28.0,43.0,48.0,43.0,59.0,53.0,37.0,57.0,60,0,0,1,0,0,0,0,60,27,1
64.0,28.0,32.0,62.0,76.0,75.0,71.0,56.0,64.0,56.0,67.0,65.0,68.0,72.0,65.0,58.0,58.0,56.0,47.0,28.0,43.0,48.0,43.0,59.0,53.0,37.0,57.0,60.0,55,0,0,0,1,0,0,0,55,28,1
28.0,32.0,62.0,76.0,75.0,71.0,56.0,64.0,56.0,67.0,65.0,68.0,72.0,65.0,58.0,58.0,56.0,47.0,28.0,43.0,48.0,43.0,59.0,53.0,37.0,57.0,60.0,55.0,24,0,1,0,0,0,0,0,24,29,1
32.0,62.0,76.0,75.0,71.0,56.0,64.0,56.0,67.0,65.0,68.0,72.0,65.0,58.0,58.0,56.0,47.0,28.0,43.0,48.0,43.0,59.0,53.0,37.0,57.0,60.0,55.0,24.0,44,0,0,0,0,0,1,0,44,30,1
62.0,76.0,75.0,71.0,56.0,64.0,56.0,67.0,65.0,68.0,72.0,65.0,58.0,58.0,56.0,47.0,28.0,43.0,48.0,43.0,59.0,53.0,37.0,57.0,60.0,55.0,24.0,44.0,51,0,0,0,0,0,0,1,51,31,1
76.0,75.0,71.0,56.0,64.0,56.0,67.0,65.0,68.0,72.0,65.0,58.0,58.0,56.0,47.0,28.0,43.0,48.0,43.0,59.0,53.0,37.0,57.0,60.0,55.0,24.0,44.0,51.0,61,0,0,0,0,1,0,0,61,1,2
75.0,71.0,56.0,64.0,56.0,67.0,65.0,68.0,72.0,65.0,58.0,58.0,56.0,47.0,28.0,43.0,48.0,43.0,59.0,53.0,37.0,57.0,60.0,55.0,24.0,44.0,51.0,61.0,49,1,0,0,0,0,0,0,49,2,2
71.0,56.0,64.0,56.0,67.0,65.0,68.0,72.0,65.0,58.0,58.0,56.0,47.0,28.0,43.0,48.0,43.0,59.0,53.0,37.0,57.0,60.0,55.0,24.0,44.0,51.0,61.0,49.0,37,0,0,1,0,0,0,0,37,3,2
56.0,64.0,56.0,67.0,65.0,68.0,72.0,65.0,58.0,58.0,56.0,47.0,28.0,43.0,48.0,43.0,59.0,53.0,37.0,57.0,60.0,55.0,24.0,44.0,51.0,61.0,49.0,37.0,23,0,0,0,1,0,0,0,23,4,2
64.0,56.0,67.0,65.0,68.0,72.0,65.0,58.0,58.0,56.0,47.0,28.0,43.0,48.0,43.0,59.0,53.0,37.0,57.0,60.0,55.0,24.0,44.0,51.0,61.0,49.0,37.0,23.0,32,0,1,0,0,0,0,0,32,5,2
56.0,67.0,65.0,68.0,72.0,65.0,58.0,58.0,56.0,47.0,28.0,43.0,48.0,43.0,59.0,53.0,37.0,57.0,60.0,55.0,24.0,44.0,51.0,61.0,49.0,37.0,23.0,32.0,59,0,0,0,0,0,1,0,59,6,2
67.0,65.0,68.0,72.0,65.0,58.0,58.0,56.0,47.0,28.0,43.0,48.0,43.0,59.0,53.0,37.0,57.0,60.0,55.0,24.0,44.0,51.0,61.0,49.0,37.0,23.0,32.0,59.0,67,0,0,0,0,0,0,1,67,7,2
65.0,68.0,72.0,65.0,58.0,58.0,56.0,47.0,28.0,43.0,48.0,43.0,59.0,53.0,37.0,57.0,60.0,55.0,24.0,44.0,51.0,61.0,49.0,37.0,23.0,32.0,59.0,67.0,37,0,0,0,0,1,0,0,37,8,2
68.0,72.0,65.0,58.0,58.0,56.0,47.0,28.0,43.0,48.0,43.0,59.0,53.0,37.0,57.0,60.0,55.0,24.0,44.0,51.0,61.0,49.0,37.0,23.0,32.0,59.0,67.0,37.0,34,1,0,0,0,0,0,0,34,9,2
72.0,65.0,58.0,58.0,56.0,47.0,28.0,43.0,48.0,43.0,59.0,53.0,37.0,57.0,60.0,55.0,24.0,44.0,51.0,61.0,49.0,37.0,23.0,32.0,59.0,67.0,37.0,34.0,41,0,0,1,0,0,0,0,41,10,2
65.0,58.0,58.0,56.0,47.0,28.0,43.0,48.0,43.0,59.0,53.0,37.0,57.0,60.0,55.0,24.0,44.0,51.0,61.0,49.0,37.0,23.0,32.0,59.0,67.0,37.0,34.0,41.0,41,0,0,0,1,0,0,0,41,11,2
58.0,58.0,56.0,47.0,28.0,43.0,48.0,43.0,59.0,53.0,37.0,57.0,60.0,55.0,24.0,44.0,51.0,61.0,49.0,37.0,23.0,32.0,59.0,67.0,37.0,34.0,41.0,41.0,35,0,1,0,0,0,0,0,35,12,2
58.0,56.0,47.0,28.0,43.0,48.0,43.0,59.0,53.0,37.0,57.0,60.0,55.0,24.0,44.0,51.0,61.0,49.0,37.0,23.0,32.0,59.0,67.0,37.0,34.0,41.0,41.0,35.0,59,0,0,0,0,0,1,0,59,13,2
56.0,47.0,28.0,43.0,48.0,43.0,59.0,53.0,37.0,57.0,60.0,55.0,24.0,44.0,51.0,61.0,49.0,37.0,23.0,32.0,59.0,67.0,37.0,34.0,41.0,41.0,35.0,59.0,58,0,0,0,0,0,0,1,58,14,2
47.0,28.0,43.0,48.0,43.0,59.0,53.0,37.0,57.0,60.0,55.0,24.0,44.0,51.0,61.0,49.0,37.0,23.0,32.0,59.0,67.0,37.0,34.0,41.0,41.0,35.0,59.0,58.0,57,0,0,0,0,1,0,0,57,15,2
28.0,43.0,48.0,43.0,59.0,53.0,37.0,57.0,60.0,55.0,24.0,44.0,51.0,61.0,49.0,37.0,23.0,32.0,59.0,67.0,37.0,34.0,41.0,41.0,35.0,59.0,58.0,57.0,52,1,0,0,0,0,0,0,52,16,2
43.0,48.0,43.0,59.0,53.0,37.0,57.0,60.0,55.0,24.0,44.0,51.0,61.0,49.0,37.0,23.0,32.0,59.0,67.0,37.0,34.0,41.0,41.0,35.0,59.0,58.0,57.0,52.0,43,0,0,1,0,0,0,0,43,17,2
48.0,43.0,59.0,53.0,37.0,57.0,60.0,55.0,24.0,44.0,51.0,61.0,49.0,37.0,23.0,32.0,59.0,67.0,37.0,34.0,41.0,41.0,35.0,59.0,58.0,57.0,52.0,43.0,21,0,0,0,1,0,0,0,21,18,2
43.0,59.0,53.0,37.0,57.0,60.0,55.0,24.0,44.0,51.0,61.0,49.0,37.0,23.0,32.0,59.0,67.0,37.0,34.0,41.0,41.0,35.0,59.0,58.0,57.0,52.0,43.0,21.0,24,0,1,0,0,0,0,0,24,19,2
59.0,53.0,37.0,57.0,60.0,55.0,24.0,44.0,51.0,61.0,49.0,37.0,23.0,32.0,59.0,67.0,37.0,34.0,41.0,41.0,35.0,59.0,58.0,57.0,52.0,43.0,21.0,24.0,48,0,0,0,0,0,1,0,48,20,2
53.0,37.0,57.0,60.0,55.0,24.0,44.0,51.0,61.0,49.0,37.0,23.0,32.0,59.0,67.0,37.0,34.0,41.0,41.0,35.0,59.0,58.0,57.0,52.0,43.0,21.0,24.0,48.0,44,0,0,0,0,0,0,1,44,21,2
37.0,57.0,60.0,55.0,24.0,44.0,51.0,61.0,49.0,37.0,23.0,32.0,59.0,67.0,37.0,34.0,41.0,41.0,35.0,59.0,58.0,57.0,52.0,43.0,21.0,24.0,48.0,44.0,51,0,0,0,0,1,0,0,51,22,2
57.0,60.0,55.0,24.0,44.0,51.0,61.0,49.0,37.0,23.0,32.0,59.0,67.0,37.0,34.0,41.0,41.0,35.0,59.0,58.0,57.0,52.0,43.0,21.0,24.0,48.0,44.0,51.0,38,1,0,0,0,0,0,0,38,23,2
60.0,55.0,24.0,44.0,51.0,61.0,49.0,37.0,23.0,32.0,59.0,67.0,37.0,34.0,41.0,41.0,35.0,59.0,58.0,57.0,52.0,43.0,21.0,24.0,48.0,44.0,51.0,38.0,40,0,0,1,0,0,0,0,40,24,2
55.0,24.0,44.0,51.0,61.0,49.0,37.0,23.0,32.0,59.0,67.0,37.0,34.0,41.0,41.0,35.0,59.0,58.0,57.0,52.0,43.0,21.0,24.0,48.0,44.0,51.0,38.0,40.0,35,0,0,0,1,0,0,0,35,25,2
24.0,44.0,51.0,61.0,49.0,37.0,23.0,32.0,59.0,67.0,37.0,34.0,41.0,41.0,35.0,59.0,58.0,57.0,52.0,43.0,21.0,24.0,48.0,44.0,51.0,38.0,40.0,35.0,46,0,1,0,0,0,0,0,46,26,2
44.0,51.0,61.0,49.0,37.0,23.0,32.0,59.0,67.0,37.0,34.0,41.0,41.0,35.0,59.0,58.0,57.0,52.0,43.0,21.0,24.0,48.0,44.0,51.0,38.0,40.0,35.0,46.0,55,0,0,0,0,0,1,0,55,27,2
51.0,61.0,49.0,37.0,23.0,32.0,59.0,67.0,37.0,34.0,41.0,41.0,35.0,59.0,58.0,57.0,52.0,43.0,21.0,24.0,48.0,44.0,51.0,38.0,40.0,35.0,46.0,55.0,53,0,0,0,0,0,0,1,53,28,2
61.0,49.0,37.0,23.0,32.0,59.0,67.0,37.0,34.0,41.0,41.0,35.0,59.0,58.0,57.0,52.0,43.0,21.0,24.0,48.0,44.0,51.0,38.0,40.0,35.0,46.0,55.0,53.0,50,0,0,0,0,1,0,0,50,1,3
49.0,37.0,23.0,32.0,59.0,67.0,37.0,34.0,41.0,41.0,35.0,59.0,58.0,57.0,52.0,43.0,21.0,24.0,48.0,44.0,51.0,38.0,40.0,35.0,46.0,55.0,53.0,50.0,56,1,0,0,0,0,0,0,56,2,3
37.0,23.0,32.0,59.0,67.0,37.0,34.0,41.0,41.0,35.0,59.0,58.0,57.0,52.0,43.0,21.0,24.0,48.0,44.0,51.0,38.0,40.0,35.0,46.0,55.0,53.0,50.0,56.0,20,0,0,1,0,0,0,0,20,3,3
23.0,32.0,59.0,67.0,37.0,34.0,41.0,41.0,35.0,59.0,58.0,57.0,52.0,43.0,21.0,24.0,48.0,44.0,51.0,38.0,40.0,35.0,46.0,55.0,53.0,50.0,56.0,20.0,42,0,0,0,1,0,0,0,42,4,3
32.0,59.0,67.0,37.0,34.0,41.0,41.0,35.0,59.0,58.0,57.0,52.0,43.0,21.0,24.0,48.0,44.0,51.0,38.0,40.0,35.0,46.0,55.0,53.0,50.0,56.0,20.0,42.0,45,0,1,0,0,0,0,0,45,5,3
59.0,67.0,37.0,34.0,41.0,41.0,35.0,59.0,58.0,57.0,52.0,43.0,21.0,24.0,48.0,44.0,51.0,38.0,40.0,35.0,46.0,55.0,53.0,50.0,56.0,20.0,42.0,45.0,42,0,0,0,0,0,1,0,42,6,3
67.0,37.0,34.0,41.0,41.0,35.0,59.0,58.0,57.0,52.0,43.0,21.0,24.0,48.0,44.0,51.0,38.0,40.0,35.0,46.0,55.0,53.0,50.0,56.0,20.0,42.0,45.0,42.0,38,0,0,0,0,0,0,1,38,7,3
37.0,34.0,41.0,41.0,35.0,59.0,58.0,57.0,52.0,43.0,21.0,24.0,48.0,44.0,51.0,38.0,40.0,35.0,46.0,55.0,53.0,50.0,56.0,20.0,42.0,45.0,42.0,38.0,39,0,0,0,0,1,0,0,39,8,3
34.0,41.0,41.0,35.0,59.0,58.0,57.0,52.0,43.0,21.0,24.0,48.0,44.0,51.0,38.0,40.0,35.0,46.0,55.0,53.0,50.0,56.0,20.0,42.0,45.0,42.0,38.0,39.0,37,1,0,0,0,0,0,0,37,9,3
41.0,41.0,35.0,59.0,58.0,57.0,52.0,43.0,21.0,24.0,48.0,44.0,51.0,38.0,40.0,35.0,46.0,55.0,53.0,50.0,56.0,20.0,42.0,45.0,42.0,38.0,39.0,37.0,48,0,0,1,0,0,0,0,48,10,3
41.0,35.0,59.0,58.0,57.0,52.0,43.0,21.0,24.0,48.0,44.0,51.0,38.0,40.0,35.0,46.0,55.0,53.0,50.0,56.0,20.0,42.0,45.0,42.0,38.0,39.0,37.0,48.0,43,0,0,0,1,0,0,0,43,11,3
35.0,59.0,58.0,57.0,52.0,43.0,21.0,24.0,48.0,44.0,51.0,38.0,40.0,35.0,46.0,55.0,53.0,50.0,56.0,20.0,42.0,45.0,42.0,38.0,39.0,37.0,48.0,43.0,44,0,1,0,0,0,0,0,44,12,3
59.0,58.0,57.0,52.0,43.0,21.0,24.0,48.0,44.0,51.0,38.0,40.0,35.0,46.0,55.0,53.0,50.0,56.0,20.0,42.0,45.0,42.0,38.0,39.0,37.0,48.0,43.0,44.0,52,0,0,0,0,0,1,0,52,13,3
58.0,57.0,52.0,43.0,21.0,24.0,48.0,44.0,51.0,38.0,40.0,35.0,46.0,55.0,53.0,50.0,56.0,20.0,42.0,45.0,42.0,38.0,39.0,37.0,48.0,43.0,44.0,52.0,25,0,0,0,0,0,0,1,25,14,3
57.0,52.0,43.0,21.0,24.0,48.0,44.0,51.0,38.0,40.0,35.0,46.0,55.0,53.0,50.0,56.0,20.0,42.0,45.0,42.0,38.0,39.0,37.0,48.0,43.0,44.0,52.0,25.0,32,0,0,0,0,1,0,0,32,15,3
52.0,43.0,21.0,24.0,48.0,44.0,51.0,38.0,40.0,35.0,46.0,55.0,53.0,50.0,56.0,20.0,42.0,45.0,42.0,38.0,39.0,37.0,48.0,43.0,44.0,52.0,25.0,32.0,28,1,0,0,0,0,0,0,28,16,3
43.0,21.0,24.0,48.0,44.0,51.0,38.0,40.0,35.0,46.0,55.0,53.0,50.0,56.0,20.0,42.0,45.0,42.0,38.0,39.0,37.0,48.0,43.0,44.0,52.0,25.0,32.0,28.0,30,0,0,1,0,0,0,0,30,17,3
21.0,24.0,48.0,44.0,51.0,38.0,40.0,35.0,46.0,55.0,53.0,50.0,56.0,20.0,42.0,45.0,42.0,38.0,39.0,37.0,48.0,43.0,44.0,52.0,25.0,32.0,28.0,30.0,25,0,0,0,1,0,0,0,25,18,3
24.0,48.0,44.0,51.0,38.0,40.0,35.0,46.0,55.0,53.0,50.0,56.0,20.0,42.0,45.0,42.0,38.0,39.0,37.0,48.0,43.0,44.0,52.0,25.0,32.0,28.0,30.0,25.0,25,0,1,0,0,0,0,0,25,19,3
48.0,44.0,51.0,38.0,40.0,35.0,46.0,55.0,53.0,50.0,56.0,20.0,42.0,45.0,42.0,38.0,39.0,37.0,48.0,43.0,44.0,52.0,25.0,32.0,28.0,30.0,25.0,25.0,23,0,0,0,0,0,1,0,23,20,3
44.0,51.0,38.0,40.0,35.0,46.0,55.0,53.0,50.0,56.0,20.0,42.0,45.0,42.0,38.0,39.0,37.0,48.0,43.0,44.0,52.0,25.0,32.0,28.0,30.0,25.0,25.0,23.0,34,0,0,0,0,0,0,1,34,21,3
51.0,38.0,40.0,35.0,46.0,55.0,53.0,50.0,56.0,20.0,42.0,45.0,42.0,38.0,39.0,37.0,48.0,43.0,44.0,52.0,25.0,32.0,28.0,30.0,25.0,25.0,23.0,34.0,22,0,0,0,0,1,0,0,22,22,3
38.0,40.0,35.0,46.0,55.0,53.0,50.0,56.0,20.0,42.0,45.0,42.0,38.0,39.0,37.0,48.0,43.0,44.0,52.0,25.0,32.0,28.0,30.0,25.0,25.0,23.0,34.0,22.0,23,1,0,0,0,0,0,0,23,23,3
40.0,35.0,46.0,55.0,53.0,50.0,56.0,20.0,42.0,45.0,42.0,38.0,39.0,37.0,48.0,43.0,44.0,52.0,25.0,32.0,28.0,30.0,25.0,25.0,23.0,34.0,22.0,23.0,15,0,0,1,0,0,0,0,15,24,3
35.0,46.0,55.0,53.0,50.0,56.0,20.0,42.0,45.0,42.0,38.0,39.0,37.0,48.0,43.0,44.0,52.0,25.0,32.0,28.0,30.0,25.0,25.0,23.0,34.0,22.0,23.0,15.0,15,0,0,0,1,0,0,0,15,25,3
46.0,55.0,53.0,50.0,56.0,20.0,42.0,45.0,42.0,38.0,39.0,37.0,48.0,43.0,44.0,52.0,25.0,32.0,28.0,30.0,25.0,25.0,23.0,34.0,22.0,23.0,15.0,15.0,31,0,1,0,0,0,0,0,31,26,3
55.0,53.0,50.0,56.0,20.0,42.0,45.0,42.0,38.0,39.0,37.0,48.0,43.0,44.0,52.0,25.0,32.0,28.0,30.0,25.0,25.0,23.0,34.0,22.0,23.0,15.0,15.0,31.0,27,0,0,0,0,0,1,0,27,27,3
53.0,50.0,56.0,20.0,42.0,45.0,42.0,38.0,39.0,37.0,48.0,43.0,44.0,52.0,25.0,32.0,28.0,30.0,25.0,25.0,23.0,34.0,22.0,23.0,15.0,15.0,31.0,27.0,17,0,0,0,0,0,0,1,17,28,3
50.0,56.0,20.0,42.0,45.0,42.0,38.0,39.0,37.0,48.0,43.0,44.0,52.0,25.0,32.0,28.0,30.0,25.0,25.0,23.0,34.0,22.0,23.0,15.0,15.0,31.0,27.0,17.0,21,0,0,0,0,1,0,0,21,29,3
56.0,20.0,42.0,45.0,42.0,38.0,39.0,37.0,48.0,43.0,44.0,52.0,25.0,32.0,28.0,30.0,25.0,25.0,23.0,34.0,22.0,23.0,15.0,15.0,31.0,27.0,17.0,21.0,32,1,0,0,0,0,0,0,32,30,3
20.0,42.0,45.0,42.0,38.0,39.0,37.0,48.0,43.0,44.0,52.0,25.0,32.0,28.0,30.0,25.0,25.0,23.0,34.0,22.0,23.0,15.0,15.0,31.0,27.0,17.0,21.0,32.0,15,0,0,1,0,0,0,0,15,31,3
42.0,45.0,42.0,38.0,39.0,37.0,48.0,43.0,44.0,52.0,25.0,32.0,28.0,30.0,25.0,25.0,23.0,34.0,22.0,23.0,15.0,15.0,31.0,27.0,17.0,21.0,32.0,15.0,22,0,0,0,1,0,0,0,22,1,4
45.0,42.0,38.0,39.0,37.0,48.0,43.0,44.0,52.0,25.0,32.0,28.0,30.0,25.0,25.0,23.0,34.0,22.0,23.0,15.0,15.0,31.0,27.0,17.0,21.0,32.0,15.0,22.0,22,0,1,0,0,0,0,0,22,2,4
42.0,38.0,39.0,37.0,48.0,43.0,44.0,52.0,25.0,32.0,28.0,30.0,25.0,25.0,23.0,34.0,22.0,23.0,15.0,15.0,31.0,27.0,17.0,21.0,32.0,15.0,22.0,22.0,23,0,0,0,0,0,1,0,23,3,4
38.0,39.0,37.0,48.0,43.0,44.0,52.0,25.0,32.0,28.0,30.0,25.0,25.0,23.0,34.0,22.0,23.0,15.0,15.0,31.0,27.0,17.0,21.0,32.0,15.0,22.0,22.0,23.0,24,0,0,0,0,0,0,1,24,4,4
39.0,37.0,48.0,43.0,44.0,52.0,25.0,32.0,28.0,30.0,25.0,25.0,23.0,34.0,22.0,23.0,15.0,15.0,31.0,27.0,17.0,21.0,32.0,15.0,22.0,22.0,23.0,24.0,30,0,0,0,0,1,0,0,30,5,4
37.0,48.0,43.0,44.0,52.0,25.0,32.0,28.0,30.0,25.0,25.0,23.0,34.0,22.0,23.0,15.0,15.0,31.0,27.0,17.0,21.0,32.0,15.0,22.0,22.0,23.0,24.0,30.0,23,1,0,0,0,0,0,0,23,6,4
48.0,43.0,44.0,52.0,25.0,32.0,28.0,30.0,25.0,25.0,23.0,34.0,22.0,23.0,15.0,15.0,31.0,27.0,17.0,21.0,32.0,15.0,22.0,22.0,23.0,24.0,30.0,23.0,23,0,0,1,0,0,0,0,23,7,4
43.0,44.0,52.0,25.0,32.0,28.0,30.0,25.0,25.0,23.0,34.0,22.0,23.0,15.0,15.0,31.0,27.0,17.0,21.0,32.0,15.0,22.0,22.0,23.0,24.0,30.0,23.0,23.0,13,0,0,0,1,0,0,0,13,8,4
44.0,52.0,25.0,32.0,28.0,30.0,25.0,25.0,23.0,34.0,22.0,23.0,15.0,15.0,31.0,27.0,17.0,21.0,32.0,15.0,22.0,22.0,23.0,24.0,30.0,23.0,23.0,13.0,14,0,1,0,0,0,0,0,14,9,4
52.0,25.0,32.0,28.0,30.0,25.0,25.0,23.0,34.0,22.0,23.0,15.0,15.0,31.0,27.0,17.0,21.0,32.0,15.0,22.0,22.0,23.0,24.0,30.0,23.0,23.0,13.0,14.0,18,0,0,0,0,0,1,0,18,10,4
25.0,32.0,28.0,30.0,25.0,25.0,23.0,34.0,22.0,23.0,15.0,15.0,31.0,27.0,17.0,21.0,32.0,15.0,22.0,22.0,23.0,24.0,30.0,23.0,23.0,13.0,14.0,18.0,19,0,0,0,0,0,0,1,19,11,4
32.0,28.0,30.0,25.0,25.0,23.0,34.0,22.0,23.0,15.0,15.0,31.0,27.0,17.0,21.0,32.0,15.0,22.0,22.0,23.0,24.0,30.0,23.0,23.0,13.0,14.0,18.0,19.0,13,0,0,0,0,1,0,0,13,12,4
28.0,30.0,25.0,25.0,23.0,34.0,22.0,23.0,15.0,15.0,31.0,27.0,17.0,21.0,32.0,15.0,22.0,22.0,23.0,24.0,30.0,23.0,23.0,13.0,14.0,18.0,19.0,13.0,15,1,0,0,0,0,0,0,15,13,4
30.0,25.0,25.0,23.0,34.0,22.0,23.0,15.0,15.0,31.0,27.0,17.0,21.0,32.0,15.0,22.0,22.0,23.0,24.0,30.0,23.0,23.0,13.0,14.0,18.0,19.0,13.0,15.0,13,0,0,1,0,0,0,0,13,14,4
25.0,25.0,23.0,34.0,22.0,23.0,15.0,15.0,31.0,27.0,17.0,21.0,32.0,15.0,22.0,22.0,23.0,24.0,30.0,23.0,23.0,13.0,14.0,18.0,19.0,13.0,15.0,13.0,19,0,0,0,1,0,0,0,19,15,4
25.0,23.0,34.0,22.0,23.0,15.0,15.0,31.0,27.0,17.0,21.0,32.0,15.0,22.0,22.0,23.0,24.0,30.0,23.0,23.0,13.0,14.0,18.0,19.0,13.0,15.0,13.0,19.0,11,0,1,0,0,0,0,0,11,16,4
23.0,34.0,22.0,23.0,15.0,15.0,31.0,27.0,17.0,21.0,32.0,15.0,22.0,22.0,23.0,24.0,30.0,23.0,23.0,13.0,14.0,18.0,19.0,13.0,15.0,13.0,19.0,11.0,13,0,0,0,0,0,1,0,13,17,4
34.0,22.0,23.0,15.0,15.0,31.0,27.0,17.0,21.0,32.0,15.0,22.0,22.0,23.0,24.0,30.0,23.0,23.0,13.0,14.0,18.0,19.0,13.0,15.0,13.0,19.0,11.0,13.0,16,0,0,0,0,0,0,1,16,18,4
22.0,23.0,15.0,15.0,31.0,27.0,17.0,21.0,32.0,15.0,22.0,22.0,23.0,24.0,30.0,23.0,23.0,13.0,14.0,18.0,19.0,13.0,15.0,13.0,19.0,11.0,13.0,16.0,17,0,0,0,0,1,0,0,17,19,4
23.0,15.0,15.0,31.0,27.0,17.0,21.0,32.0,15.0,22.0,22.0,23.0,24.0,30.0,23.0,23.0,13.0,14.0,18.0,19.0,13.0,15.0,13.0,19.0,11.0,13.0,16.0,17.0,15,1,0,0,0,0,0,0,15,20,4
15.0,15.0,31.0,27.0,17.0,21.0,32.0,15.0,22.0,22.0,23.0,24.0,30.0,23.0,23.0,13.0,14.0,18.0,19.0,13.0,15.0,13.0,19.0,11.0,13.0,16.0,17.0,15.0,12,0,0,1,0,0,0,0,12,21,4
15.0,31.0,27.0,17.0,21.0,32.0,15.0,22.0,22.0,23.0,24.0,30.0,23.0,23.0,13.0,14.0,18.0,19.0,13.0,15.0,13.0,19.0,11.0,13.0,16.0,17.0,15.0,12.0,15,0,0,0,1,0,0,0,15,22,4
31.0,27.0,17.0,21.0,32.0,15.0,22.0,22.0,23.0,24.0,30.0,23.0,23.0,13.0,14.0,18.0,19.0,13.0,15.0,13.0,19.0,11.0,13.0,16.0,17.0,15.0,12.0,15.0,14,0,1,0,0,0,0,0,14,23,4
27.0,17.0,21.0,32.0,15.0,22.0,22.0,23.0,24.0,30.0,23.0,23.0,13.0,14.0,18.0,19.0,13.0,15.0,13.0,19.0,11.0,13.0,16.0,17.0,15.0,12.0,15.0,14.0,23,0,0,0,0,0,1,0,23,24,4
17.0,21.0,32.0,15.0,22.0,22.0,23.0,24.0,30.0,23.0,23.0,13.0,14.0,18.0,19.0,13.0,15.0,13.0,19.0,11.0,13.0,16.0,17.0,15.0,12.0,15.0,14.0,23.0,32,0,0,0,0,0,0,1,32,25,4
21.0,32.0,15.0,22.0,22.0,23.0,24.0,30.0,23.0,23.0,13.0,14.0,18.0,19.0,13.0,15.0,13.0,19.0,11.0,13.0,16.0,17.0,15.0,12.0,15.0,14.0,23.0,32.0,28,0,0,0,0,1,0,0,28,26,4
32.0,15.0,22.0,22.0,23.0,24.0,30.0,23.0,23.0,13.0,14.0,18.0,19.0,13.0,15.0,13.0,19.0,11.0,13.0,16.0,17.0,15.0,12.0,15.0,14.0,23.0,32.0,28.0,35,1,0,0,0,0,0,0,35,27,4
15.0,22.0,22.0,23.0,24.0,30.0,23.0,23.0,13.0,14.0,18.0,19.0,13.0,15.0,13.0,19.0,11.0,13.0,16.0,17.0,15.0,12.0,15.0,14.0,23.0,32.0,28.0,35.0,23,0,0,1,0,0,0,0,23,28,4
22.0,22.0,23.0,24.0,30.0,23.0,23.0,13.0,14.0,18.0,19.0,13.0,15.0,13.0,19.0,11.0,13.0,16.0,17.0,15.0,12.0,15.0,14.0,23.0,32.0,28.0,35.0,23.0,18,0,0,0,1,0,0,0,18,29,4
22.0,23.0,24.0,30.0,23.0,23.0,13.0,14.0,18.0,19.0,13.0,15.0,13.0,19.0,11.0,13.0,16.0,17.0,15.0,12.0,15.0,14.0,23.0,32.0,28.0,35.0,23.0,18.0,19,0,1,0,0,0,0,0,19,30,4
23.0,24.0,30.0,23.0,23.0,13.0,14.0,18.0,19.0,13.0,15.0,13.0,19.0,11.0,13.0,16.0,17.0,15.0,12.0,15.0,14.0,23.0,32.0,28.0,35.0,23.0,18.0,19.0,22,0,0,0,0,0,1,0,22,1,5
24.0,30.0,23.0,23.0,13.0,14.0,18.0,19.0,13.0,15.0,13.0,19.0,11.0,13.0,16.0,17.0,15.0,12.0,15.0,14.0,23.0,32.0,28.0,35.0,23.0,18.0,19.0,22.0,31,0,0,0,0,0,0,1,31,2,5
30.0,23.0,23.0,13.0,14.0,18.0,19.0,13.0,15.0,13.0,19.0,11.0,13.0,16.0,17.0,15.0,12.0,15.0,14.0,23.0,32.0,28.0,35.0,23.0,18.0,19.0,22.0,31.0,40,0,0,0,0,1,0,0,40,3,5
23.0,23.0,13.0,14.0,18.0,19.0,13.0,15.0,13.0,19.0,11.0,13.0,16.0,17.0,15.0,12.0,15.0,14.0,23.0,32.0,28.0,35.0,23.0,18.0,19.0,22.0,31.0,40.0,31,1,0,0,0,0,0,0,31,4,5
23.0,13.0,14.0,18.0,19.0,13.0,15.0,13.0,19.0,11.0,13.0,16.0,17.0,15.0,12.0,15.0,14.0,23.0,32.0,28.0,35.0,23.0,18.0,19.0,22.0,31.0,40.0,31.0,18,0,0,1,0,0,0,0,18,5,5
13.0,14.0,18.0,19.0,13.0,15.0,13.0,19.0,11.0,13.0,16.0,17.0,15.0,12.0,15.0,14.0,23.0,32.0,28.0,35.0,23.0,18.0,19.0,22.0,31.0,40.0,31.0,18.0,24,0,0,0,1,0,0,0,24,6,5
14.0,18.0,19.0,13.0,15.0,13.0,19.0,11.0,13.0,16.0,17.0,15.0,12.0,15.0,14.0,23.0,32.0,28.0,35.0,23.0,18.0,19.0,22.0,31.0,40.0,31.0,18.0,24.0,25,0,1,0,0,0,0,0,25,7,5
18.0,19.0,13.0,15.0,13.0,19.0,11.0,13.0,16.0,17.0,15.0,12.0,15.0,14.0,23.0,32.0,28.0,35.0,23.0,18.0,19.0,22.0,31.0,40.0,31.0,18.0,24.0,25.0,25,0,0,0,0,0,1,0,25,8,5
19.0,13.0,15.0,13.0,19.0,11.0,13.0,16.0,17.0,15.0,12.0,15.0,14.0,23.0,32.0,28.0,35.0,23.0,18.0,19.0,22.0,31.0,40.0,31.0,18.0,24.0,25.0,25.0,17,0,0,0,0,0,0,1,17,9,5
13.0,15.0,13.0,19.0,11.0,13.0,16.0,17.0,15.0,12.0,15.0,14.0,23.0,32.0,28.0,35.0,23.0,18.0,19.0,22.0,31.0,40.0,31.0,18.0,24.0,25.0,25.0,17.0,12,0,0,0,0,1,0,0,12,10,5
15.0,13.0,19.0,11.0,13.0,16.0,17.0,15.0,12.0,15.0,14.0,23.0,32.0,28.0,35.0,23.0,18.0,19.0,22.0,31.0,40.0,31.0,18.0,24.0,25.0,25.0,17.0,12.0,13,1,0,0,0,0,0,0,13,11,5
13.0,19.0,11.0,13.0,16.0,17.0,15.0,12.0,15.0,14.0,23.0,32.0,28.0,35.0,23.0,18.0,19.0,22.0,31.0,40.0,31.0,18.0,24.0,25.0,25.0,17.0,12.0,13.0,19,0,0,1,0,0,0,0,19,12,5
19.0,11.0,13.0,16.0,17.0,15.0,12.0,15.0,14.0,23.0,32.0,28.0,35.0,23.0,18.0,19.0,22.0,31.0,40.0,31.0,18.0,24.0,25.0,25.0,17.0,12.0,13.0,19.0,24,0,0,0,1,0,0,0,24,13,5
11.0,13.0,16.0,17.0,15.0,12.0,15.0,14.0,23.0,32.0,28.0,35.0,23.0,18.0,19.0,22.0,31.0,40.0,31.0,18.0,24.0,25.0,25.0,17.0,12.0,13.0,19.0,24.0,27,0,1,0,0,0,0,0,27,14,5
13.0,16.0,17.0,15.0,12.0,15.0,14.0,23.0,32.0,28.0,35.0,23.0,18.0,19.0,22.0,31.0,40.0,31.0,18.0,24.0,25.0,25.0,17.0,12.0,13.0,19.0,24.0,27.0,48,0,0,0,0,0,1,0,48,15,5
16.0,17.0,15.0,12.0,15.0,14.0,23.0,32.0,28.0,35.0,23.0,18.0,19.0,22.0,31.0,40.0,31.0,18.0,24.0,25.0,25.0,17.0,12.0,13.0,19.0,24.0,27.0,48.0,27,0,0,0,0,0,0,1,27,16,5
17.0,15.0,12.0,15.0,14.0,23.0,32.0,28.0,35.0,23.0,18.0,19.0,22.0,31.0,40.0,31.0,18.0,24.0,25.0,25.0,17.0,12.0,13.0,19.0,24.0,27.0,48.0,27.0,25,0,0,0,0,1,0,0,25,17,5
15.0,12.0,15.0,14.0,23.0,32.0,28.0,35.0,23.0,18.0,19.0,22.0,31.0,40.0,31.0,18.0,24.0,25.0,25.0,17.0,12.0,13.0,19.0,24.0,27.0,48.0,27.0,25.0,23,1,0,0,0,0,0,0,23,18,5
12.0,15.0,14.0,23.0,32.0,28.0,35.0,23.0,18.0,19.0,22.0,31.0,40.0,31.0,18.0,24.0,25.0,25.0,17.0,12.0,13.0,19.0,24.0,27.0,48.0,27.0,25.0,23.0,16,0,0,1,0,0,0,0,16,19,5
15.0,14.0,23.0,32.0,28.0,35.0,23.0,18.0,19.0,22.0,31.0,40.0,31.0,18.0,24.0,25.0,25.0,17.0,12.0,13.0,19.0,24.0,27.0,48.0,27.0,25.0,23.0,16.0,20,0,0,0,1,0,0,0,20,20,5
14.0,23.0,32.0,28.0,35.0,23.0,18.0,19.0,22.0,31.0,40.0,31.0,18.0,24.0,25.0,25.0,17.0,12.0,13.0,19.0,24.0,27.0,48.0,27.0,25.0,23.0,16.0,20.0,39,0,1,0,0,0,0,0,39,21,5
23.0,32.0,28.0,35.0,23.0,18.0,19.0,22.0,31.0,40.0,31.0,18.0,24.0,25.0,25.0,17.0,12.0,13.0,19.0,24.0,27.0,48.0,27.0,25.0,23.0,16.0,20.0,39.0,125,0,0,0,0,0,1,0,125,22,5
32.0,28.0,35.0,23.0,18.0,19.0,22.0,31.0,40.0,31.0,18.0,24.0,25.0,25.0,17.0,12.0,13.0,19.0,24.0,27.0,48.0,27.0,25.0,23.0,16.0,20.0,39.0,125.0,56,0,0,0,0,0,0,1,56,23,5
28.0,35.0,23.0,18.0,19.0,22.0,31.0,40.0,31.0,18.0,24.0,25.0,25.0,17.0,12.0,13.0,19.0,24.0,27.0,48.0,27.0,25.0,23.0,16.0,20.0,39.0,125.0,56.0,42,0,0,0,0,1,0,0,42,24,5
35.0,23.0,18.0,19.0,22.0,31.0,40.0,31.0,18.0,24.0,25.0,25.0,17.0,12.0,13.0,19.0,24.0,27.0,48.0,27.0,25.0,23.0,16.0,20.0,39.0,125.0,56.0,42.0,39,1,0,0,0,0,0,0,39,25,5
23.0,18.0,19.0,22.0,31.0,40.0,31.0,18.0,24.0,25.0,25.0,17.0,12.0,13.0,19.0,24.0,27.0,48.0,27.0,25.0,23.0,16.0,20.0,39.0,125.0,56.0,42.0,39.0,15,0,0,1,0,0,0,0,15,26,5
18.0,19.0,22.0,31.0,40.0,31.0,18.0,24.0,25.0,25.0,17.0,12.0,13.0,19.0,24.0,27.0,48.0,27.0,25.0,23.0,16.0,20.0,39.0,125.0,56.0,42.0,39.0,15.0,26,0,0,0,1,0,0,0,26,27,5
19.0,22.0,31.0,40.0,31.0,18.0,24.0,25.0,25.0,17.0,12.0,13.0,19.0,24.0,27.0,48.0,27.0,25.0,23.0,16.0,20.0,39.0,125.0,56.0,42.0,39.0,15.0,26.0,24,0,1,0,0,0,0,0,24,28,5
22.0,31.0,40.0,31.0,18.0,24.0,25.0,25.0,17.0,12.0,13.0,19.0,24.0,27.0,48.0,27.0,25.0,23.0,16.0,20.0,39.0,125.0,56.0,42.0,39.0,15.0,26.0,24.0,18,0,0,0,0,0,1,0,18,29,5
31.0,40.0,31.0,18.0,24.0,25.0,25.0,17.0,12.0,13.0,19.0,24.0,27.0,48.0,27.0,25.0,23.0,16.0,20.0,39.0,125.0,56.0,42.0,39.0,15.0,26.0,24.0,18.0,13,0,0,0,0,0,0,1,13,30,5
40.0,31.0,18.0,24.0,25.0,25.0,17.0,12.0,13.0,19.0,24.0,27.0,48.0,27.0,25.0,23.0,16.0,20.0,39.0,125.0,56.0,42.0,39.0,15.0,26.0,24.0,18.0,13.0,14,0,0,0,0,1,0,0,14,31,5
31.0,18.0,24.0,25.0,25.0,17.0,12.0,13.0,19.0,24.0,27.0,48.0,27.0,25.0,23.0,16.0,20.0,39.0,125.0,56.0,42.0,39.0,15.0,26.0,24.0,18.0,13.0,14.0,12,1,0,0,0,0,0,0,12,1,6
18.0,24.0,25.0,25.0,17.0,12.0,13.0,19.0,24.0,27.0,48.0,27.0,25.0,23.0,16.0,20.0,39.0,125.0,56.0,42.0,39.0,15.0,26.0,24.0,18.0,13.0,14.0,12.0,13,0,0,1,0,0,0,0,13,2,6
24.0,25.0,25.0,17.0,12.0,13.0,19.0,24.0,27.0,48.0,27.0,25.0,23.0,16.0,20.0,39.0,125.0,56.0,42.0,39.0,15.0,26.0,24.0,18.0,13.0,14.0,12.0,13.0,16,0,0,0,1,0,0,0,16,3,6
25.0,25.0,17.0,12.0,13.0,19.0,24.0,27.0,48.0,27.0,25.0,23.0,16.0,20.0,39.0,125.0,56.0,42.0,39.0,15.0,26.0,24.0,18.0,13.0,14.0,12.0,13.0,16.0,10,0,1,0,0,0,0,0,10,4,6
25.0,17.0,12.0,13.0,19.0,24.0,27.0,48.0,27.0,25.0,23.0,16.0,20.0,39.0,125.0,56.0,42.0,39.0,15.0,26.0,24.0,18.0,13.0,14.0,12.0,13.0,16.0,10.0,12,0,0,0,0,0,1,0,12,5,6
17.0,12.0,13.0,19.0,24.0,27.0,48.0,27.0,25.0,23.0,16.0,20.0,39.0,125.0,56.0,42.0,39.0,15.0,26.0,24.0,18.0,13.0,14.0,12.0,13.0,16.0,10.0,12.0,16,0,0,0,0,0,0,1,16,6,6
12.0,13.0,19.0,24.0,27.0,48.0,27.0,25.0,23.0,16.0,20.0,39.0,125.0,56.0,42.0,39.0,15.0,26.0,24.0,18.0,13.0,14.0,12.0,13.0,16.0,10.0,12.0,16.0,36,0,0,0,0,1,0,0,36,7,6
13.0,19.0,24.0,27.0,48.0,27.0,25.0,23.0,16.0,20.0,39.0,125.0,56.0,42.0,39.0,15.0,26.0,24.0,18.0,13.0,14.0,12.0,13.0,16.0,10.0,12.0,16.0,36.0,53,1,0,0,0,0,0,0,53,8,6
19.0,24.0,27.0,48.0,27.0,25.0,23.0,16.0,20.0,39.0,125.0,56.0,42.0,39.0,15.0,26.0,24.0,18.0,13.0,14.0,12.0,13.0,16.0,10.0,12.0,16.0,36.0,53.0,20,0,0,1,0,0,0,0,20,9,6
24.0,27.0,48.0,27.0,25.0,23.0,16.0,20.0,39.0,125.0,56.0,42.0,39.0,15.0,26.0,24.0,18.0,13.0,14.0,12.0,13.0,16.0,10.0,12.0,16.0,36.0,53.0,20.0,6,0,0,0,1,0,0,0,6,10,6
27.0,48.0,27.0,25.0,23.0,16.0,20.0,39.0,125.0,56.0,42.0,39.0,15.0,26.0,24.0,18.0,13.0,14.0,12.0,13.0,16.0,10.0,12.0,16.0,36.0,53.0,20.0,6.0,4,0,1,0,0,0,0,0,4,11,6
48.0,27.0,25.0,23.0,16.0,20.0,39.0,125.0,56.0,42.0,39.0,15.0,26.0,24.0,18.0,13.0,14.0,12.0,13.0,16.0,10.0,12.0,16.0,36.0,53.0,20.0,6.0,4.0,9,0,0,0,0,0,1,0,9,12,6
27.0,25.0,23.0,16.0,20.0,39.0,125.0,56.0,42.0,39.0,15.0,26.0,24.0,18.0,13.0,14.0,12.0,13.0,16.0,10.0,12.0,16.0,36.0,53.0,20.0,6.0,4.0,9.0,8,0,0,0,0,0,0,1,8,13,6
25.0,23.0,16.0,20.0,39.0,125.0,56.0,42.0,39.0,15.0,26.0,24.0,18.0,13.0,14.0,12.0,13.0,16.0,10.0,12.0,16.0,36.0,53.0,20.0,6.0,4.0,9.0,8.0,4,0,0,0,0,1,0,0,4,14,6
23.0,16.0,20.0,39.0,125.0,56.0,42.0,39.0,15.0,26.0,24.0,18.0,13.0,14.0,12.0,13.0,16.0,10.0,12.0,16.0,36.0,53.0,20.0,6.0,4.0,9.0,8.0,4.0,7,1,0,0,0,0,0,0,7,15,6
16.0,20.0,39.0,125.0,56.0,42.0,39.0,15.0,26.0,24.0,18.0,13.0,14.0,12.0,13.0,16.0,10.0,12.0,16.0,36.0,53.0,20.0,6.0,4.0,9.0,8.0,4.0,7.0,9,0,0,1,0,0,0,0,9,16,6
20.0,39.0,125.0,56.0,42.0,39.0,15.0,26.0,24.0,18.0,13.0,14.0,12.0,13.0,16.0,10.0,12.0,16.0,36.0,53.0,20.0,6.0,4.0,9.0,8.0,4.0,7.0,9.0,12,0,0,0,1,0,0,0,12,17,6
39.0,125.0,56.0,42.0,39.0,15.0,26.0,24.0,18.0,13.0,14.0,12.0,13.0,16.0,10.0,12.0,16.0,36.0,53.0,20.0,6.0,4.0,9.0,8.0,4.0,7.0,9.0,12.0,19,0,1,0,0,0,0,0,19,18,6
125.0,56.0,42.0,39.0,15.0,26.0,24.0,18.0,13.0,14.0,12.0,13.0,16.0,10.0,12.0,16.0,36.0,53.0,20.0,6.0,4.0,9.0,8.0,4.0,7.0,9.0,12.0,19.0,18,0,0,0,0,0,1,0,18,19,6
56.0,42.0,39.0,15.0,26.0,24.0,18.0,13.0,14.0,12.0,13.0,16.0,10.0,12.0,16.0,36.0,53.0,20.0,6.0,4.0,9.0,8.0,4.0,7.0,9.0,12.0,19.0,18.0,18,0,0,0,0,0,0,1,18,20,6
42.0,39.0,15.0,26.0,24.0,18.0,13.0,14.0,12.0,13.0,16.0,10.0,12.0,16.0,36.0,53.0,20.0,6.0,4.0,9.0,8.0,4.0,7.0,9.0,12.0,19.0,18.0,18.0,28,0,0,0,0,1,0,0,28,21,6
39.0,15.0,26.0,24.0,18.0,13.0,14.0,12.0,13.0,16.0,10.0,12.0,16.0,36.0,53.0,20.0,6.0,4.0,9.0,8.0,4.0,7.0,9.0,12.0,19.0,18.0,18.0,28.0,25,1,0,0,0,0,0,0,25,22,6
15.0,26.0,24.0,18.0,13.0,14.0,12.0,13.0,16.0,10.0,12.0,16.0,36.0,53.0,20.0,6.0,4.0,9.0,8.0,4.0,7.0,9.0,12.0,19.0,18.0,18.0,28.0,25.0,18,0,0,1,0,0,0,0,18,23,6
26.0,24.0,18.0,13.0,14.0,12.0,13.0,16.0,10.0,12.0,16.0,36.0,53.0,20.0,6.0,4.0,9.0,8.0,4.0,7.0,9.0,12.0,19.0,18.0,18.0,28.0,25.0,18.0,23,0,0,0,1,0,0,0,23,24,6
24.0,18.0,13.0,14.0,12.0,13.0,16.0,10.0,12.0,16.0,36.0,53.0,20.0,6.0,4.0,9.0,8.0,4.0,7.0,9.0,12.0,19.0,18.0,18.0,28.0,25.0,18.0,23.0,4,0,1,0,0,0,0,0,4,25,6
18.0,13.0,14.0,12.0,13.0,16.0,10.0,12.0,16.0,36.0,53.0,20.0,6.0,4.0,9.0,8.0,4.0,7.0,9.0,12.0,19.0,18.0,18.0,28.0,25.0,18.0,23.0,4.0,5,0,0,0,0,0,1,0,5,26,6
13.0,14.0,12.0,13.0,16.0,10.0,12.0,16.0,36.0,53.0,20.0,6.0,4.0,9.0,8.0,4.0,7.0,9.0,12.0,19.0,18.0,18.0,28.0,25.0,18.0,23.0,4.0,5.0,9,0,0,0,0,0,0,1,9,27,6
14.0,12.0,13.0,16.0,10.0,12.0,16.0,36.0,53.0,20.0,6.0,4.0,9.0,8.0,4.0,7.0,9.0,12.0,19.0,18.0,18.0,28.0,25.0,18.0,23.0,4.0,5.0,9.0,10,0,0,0,0,1,0,0,10,28,6
12.0,13.0,16.0,10.0,12.0,16.0,36.0,53.0,20.0,6.0,4.0,9.0,8.0,4.0,7.0,9.0,12.0,19.0,18.0,18.0,28.0,25.0,18.0,23.0,4.0,5.0,9.0,10.0,5,1,0,0,0,0,0,0,5,29,6
13.0,16.0,10.0,12.0,16.0,36.0,53.0,20.0,6.0,4.0,9.0,8.0,4.0,7.0,9.0,12.0,19.0,18.0,18.0,28.0,25.0,18.0,23.0,4.0,5.0,9.0,10.0,5.0,4,0,0,1,0,0,0,0,4,30,6
16.0,10.0,12.0,16.0,36.0,53.0,20.0,6.0,4.0,9.0,8.0,4.0,7.0,9.0,12.0,19.0,18.0,18.0,28.0,25.0,18.0,23.0,4.0,5.0,9.0,10.0,5.0,4.0,4,0,0,0,1,0,0,0,4,1,7
10.0,12.0,16.0,36.0,53.0,20.0,6.0,4.0,9.0,8.0,4.0,7.0,9.0,12.0,19.0,18.0,18.0,28.0,25.0,18.0,23.0,4.0,5.0,9.0,10.0,5.0,4.0,4.0,5,0,1,0,0,0,0,0,5,2,7
12.0,16.0,36.0,53.0,20.0,6.0,4.0,9.0,8.0,4.0,7.0,9.0,12.0,19.0,18.0,18.0,28.0,25.0,18.0,23.0,4.0,5.0,9.0,10.0,5.0,4.0,4.0,5.0,5,0,0,0,0,0,1,0,5,3,7
16.0,36.0,53.0,20.0,6.0,4.0,9.0,8.0,4.0,7.0,9.0,12.0,19.0,18.0,18.0,28.0,25.0,18.0,23.0,4.0,5.0,9.0,10.0,5.0,4.0,4.0,5.0,5.0,10,0,0,0,0,0,0,1,10,4,7
36.0,53.0,20.0,6.0,4.0,9.0,8.0,4.0,7.0,9.0,12.0,19.0,18.0,18.0,28.0,25.0,18.0,23.0,4.0,5.0,9.0,10.0,5.0,4.0,4.0,5.0,5.0,10.0,18,0,0,0,0,1,0,0,18,5,7
53.0,20.0,6.0,4.0,9.0,8.0,4.0,7.0,9.0,12.0,19.0,18.0,18.0,28.0,25.0,18.0,23.0,4.0,5.0,9.0,10.0,5.0,4.0,4.0,5.0,5.0,10.0,18.0,21,1,0,0,0,0,0,0,21,6,7
20.0,6.0,4.0,9.0,8.0,4.0,7.0,9.0,12.0,19.0,18.0,18.0,28.0,25.0,18.0,23.0,4.0,5.0,9.0,10.0,5.0,4.0,4.0,5.0,5.0,10.0,18.0,21.0,5,0,0,1,0,0,0,0,5,7,7
6.0,4.0,9.0,8.0,4.0,7.0,9.0,12.0,19.0,18.0,18.0,28.0,25.0,18.0,23.0,4.0,5.0,9.0,10.0,5.0,4.0,4.0,5.0,5.0,10.0,18.0,21.0,5.0,8,0,0,0,1,0,0,0,8,8,7
4.0,9.0,8.0,4.0,7.0,9.0,12.0,19.0,18.0,18.0,28.0,25.0,18.0,23.0,4.0,5.0,9.0,10.0,5.0,4.0,4.0,5.0,5.0,10.0,18.0,21.0,5.0,8.0,15,0,1,0,0,0,0,0,15,9,7
9.0,8.0,4.0,7.0,9.0,12.0,19.0,18.0,18.0,28.0,25.0,18.0,23.0,4.0,5.0,9.0,10.0,5.0,4.0,4.0,5.0,5.0,10.0,18.0,21.0,5.0,8.0,15.0,6,0,0,0,0,0,1,0,6,10,7
8.0,4.0,7.0,9.0,12.0,19.0,18.0,18.0,28.0,25.0,18.0,23.0,4.0,5.0,9.0,10.0,5.0,4.0,4.0,5.0,5.0,10.0,18.0,21.0,5.0,8.0,15.0,6.0,11,0,0,0,0,0,0,1,11,11,7
4.0,7.0,9.0,12.0,19.0,18.0,18.0,28.0,25.0,18.0,23.0,4.0,5.0,9.0,10.0,5.0,4.0,4.0,5.0,5.0,10.0,18.0,21.0,5.0,8.0,15.0,6.0,11.0,19,0,0,0,0,1,0,0,19,12,7
7.0,9.0,12.0,19.0,18.0,18.0,28.0,25.0,18.0,23.0,4.0,5.0,9.0,10.0,5.0,4.0,4.0,5.0,5.0,10.0,18.0,21.0,5.0,8.0,15.0,6.0,11.0,19.0,13,1,0,0,0,0,0,0,13,13,7
9.0,12.0,19.0,18.0,18.0,28.0,25.0,18.0,23.0,4.0,5.0,9.0,10.0,5.0,4.0,4.0,5.0,5.0,10.0,18.0,21.0,5.0,8.0,15.0,6.0,11.0,19.0,13.0,12,0,0,1,0,0,0,0,12,14,7
12.0,19.0,18.0,18.0,28.0,25.0,18.0,23.0,4.0,5.0,9.0,10.0,5.0,4.0,4.0,5.0,5.0,10.0,18.0,21.0,5.0,8.0,15.0,6.0,11.0,19.0,13.0,12.0,17,0,0,0,1,0,0,0,17,15,7
19.0,18.0,18.0,28.0,25.0,18.0,23.0,4.0,5.0,9.0,10.0,5.0,4.0,4.0,5.0,5.0,10.0,18.0,21.0,5.0,8.0,15.0,6.0,11.0,19.0,13.0,12.0,17.0,29,0,1,0,0,0,0,0,29,16,7
18.0,18.0,28.0,25.0,18.0,23.0,4.0,5.0,9.0,10.0,5.0,4.0,4.0,5.0,5.0,10.0,18.0,21.0,5.0,8.0,15.0,6.0,11.0,19.0,13.0,12.0,17.0,29.0,32,0,0,0,0,0,1,0,32,17,7
18.0,28.0,25.0,18.0,23.0,4.0,5.0,9.0,10.0,5.0,4.0,4.0,5.0,5.0,10.0,18.0,21.0,5.0,8.0,15.0,6.0,11.0,19.0,13.0,12.0,17.0,29.0,32.0,21,0,0,0,0,0,0,1,21,18,7
28.0,25.0,18.0,23.0,4.0,5.0,9.0,10.0,5.0,4.0,4.0,5.0,5.0,10.0,18.0,21.0,5.0,8.0,15.0,6.0,11.0,19.0,13.0,12.0,17.0,29.0,32.0,21.0,17,0,0,0,0,1,0,0,17,19,7
25.0,18.0,23.0,4.0,5.0,9.0,10.0,5.0,4.0,4.0,5.0,5.0,10.0,18.0,21.0,5.0,8.0,15.0,6.0,11.0,19.0,13.0,12.0,17.0,29.0,32.0,21.0,17.0,15,1,0,0,0,0,0,0,15,20,7
18.0,23.0,4.0,5.0,9.0,10.0,5.0,4.0,4.0,5.0,5.0,10.0,18.0,21.0,5.0,8.0,15.0,6.0,11.0,19.0,13.0,12.0,17.0,29.0,32.0,21.0,17.0,15.0,14,0,0,1,0,0,0,0,14,21,7
23.0,4.0,5.0,9.0,10.0,5.0,4.0,4.0,5.0,5.0,10.0,18.0,21.0,5.0,8.0,15.0,6.0,11.0,19.0,13.0,12.0,17.0,29.0,32.0,21.0,17.0,15.0,14.0,19,0,0,0,1,0,0,0,19,22,7
4.0,5.0,9.0,10.0,5.0,4.0,4.0,5.0,5.0,10.0,18.0,21.0,5.0,8.0,15.0,6.0,11.0,19.0,13.0,12.0,17.0,29.0,32.0,21.0,17.0,15.0,14.0,19.0,28,0,1,0,0,0,0,0,28,23,7
5.0,9.0,10.0,5.0,4.0,4.0,5.0,5.0,10.0,18.0,21.0,5.0,8.0,15.0,6.0,11.0,19.0,13.0,12.0,17.0,29.0,32.0,21.0,17.0,15.0,14.0,19.0,28.0,44,0,0,0,0,0,1,0,44,24,7
9.0,10.0,5.0,4.0,4.0,5.0,5.0,10.0,18.0,21.0,5.0,8.0,15.0,6.0,11.0,19.0,13.0,12.0,17.0,29.0,32.0,21.0,17.0,15.0,14.0,19.0,28.0,44.0,52,0,0,0,0,0,0,1,52,25,7
10.0,5.0,4.0,4.0,5.0,5.0,10.0,18.0,21.0,5.0,8.0,15.0,6.0,11.0,19.0,13.0,12.0,17.0,29.0,32.0,21.0,17.0,15.0,14.0,19.0,28.0,44.0,52.0,70,0,0,0,0,1,0,0,70,26,7
5.0,4.0,4.0,5.0,5.0,10.0,18.0,21.0,5.0,8.0,15.0,6.0,11.0,19.0,13.0,12.0,17.0,29.0,32.0,21.0,17.0,15.0,14.0,19.0,28.0,44.0,52.0,70.0,69,1,0,0,0,0,0,0,69,27,7
4.0,4.0,5.0,5.0,10.0,18.0,21.0,5.0,8.0,15.0,6.0,11.0,19.0,13.0,12.0,17.0,29.0,32.0,21.0,17.0,15.0,14.0,19.0,28.0,44.0,52.0,70.0,69.0,67,0,0,1,0,0,0,0,67,28,7
4.0,5.0,5.0,10.0,18.0,21.0,5.0,8.0,15.0,6.0,11.0,19.0,13.0,12.0,17.0,29.0,32.0,21.0,17.0,15.0,14.0,19.0,28.0,44.0,52.0,70.0,69.0,67.0,66,0,0,0,1,0,0,0,66,29,7
5.0,5.0,10.0,18.0,21.0,5.0,8.0,15.0,6.0,11.0,19.0,13.0,12.0,17.0,29.0,32.0,21.0,17.0,15.0,14.0,19.0,28.0,44.0,52.0,70.0,69.0,67.0,66.0,72,0,1,0,0,0,0,0,72,30,7
5.0,10.0,18.0,21.0,5.0,8.0,15.0,6.0,11.0,19.0,13.0,12.0,17.0,29.0,32.0,21.0,17.0,15.0,14.0,19.0,28.0,44.0,52.0,70.0,69.0,67.0,66.0,72.0,72,0,0,0,0,0,1,0,72,31,7
10.0,18.0,21.0,5.0,8.0,15.0,6.0,11.0,19.0,13.0,12.0,17.0,29.0,32.0,21.0,17.0,15.0,14.0,19.0,28.0,44.0,52.0,70.0,69.0,67.0,66.0,72.0,72.0,97,0,0,0,0,0,0,1,97,1,8
18.0,21.0,5.0,8.0,15.0,6.0,11.0,19.0,13.0,12.0,17.0,29.0,32.0,21.0,17.0,15.0,14.0,19.0,28.0,44.0,52.0,70.0,69.0,67.0,66.0,72.0,72.0,97.0,97,0,0,0,0,1,0,0,97,2,8
21.0,5.0,8.0,15.0,6.0,11.0,19.0,13.0,12.0,17.0,29.0,32.0,21.0,17.0,15.0,14.0,19.0,28.0,44.0,52.0,70.0,69.0,67.0,66.0,72.0,72.0,97.0,97.0,120,1,0,0,0,0,0,0,120,3,8
5.0,8.0,15.0,6.0,11.0,19.0,13.0,12.0,17.0,29.0,32.0,21.0,17.0,15.0,14.0,19.0,28.0,44.0,52.0,70.0,69.0,67.0,66.0,72.0,72.0,97.0,97.0,120.0,168,0,0,1,0,0,0,0,168,4,8
8.0,15.0,6.0,11.0,19.0,13.0,12.0,17.0,29.0,32.0,21.0,17.0,15.0,14.0,19.0,28.0,44.0,52.0,70.0,69.0,67.0,66.0,72.0,72.0,97.0,97.0,120.0,168.0,159,0,0,0,1,0,0,0,159,5,8
15.0,6.0,11.0,19.0,13.0,12.0,17.0,29.0,32.0,21.0,17.0,15.0,14.0,19.0,28.0,44.0,52.0,70.0,69.0,67.0,66.0,72.0,72.0,97.0,97.0,120.0,168.0,159.0,156,0,1,0,0,0,0,0,156,6,8
6.0,11.0,19.0,13.0,12.0,17.0,29.0,32.0,21.0,17.0,15.0,14.0,19.0,28.0,44.0,52.0,70.0,69.0,67.0,66.0,72.0,72.0,97.0,97.0,120.0,168.0,159.0,156.0,158,0,0,0,0,0,1,0,158,7,8
11.0,19.0,13.0,12.0,17.0,29.0,32.0,21.0,17.0,15.0,14.0,19.0,28.0,44.0,52.0,70.0,69.0,67.0,66.0,72.0,72.0,97.0,97.0,120.0,168.0,159.0,156.0,158.0,148,0,0,0,0,0,0,1,148,8,8
19.0,13.0,12.0,17.0,29.0,32.0,21.0,17.0,15.0,14.0,19.0,28.0,44.0,52.0,70.0,69.0,67.0,66.0,72.0,72.0,97.0,97.0,120.0,168.0,159.0,156.0,158.0,148.0,156,0,0,0,0,1,0,0,156,9,8
13.0,12.0,17.0,29.0,32.0,21.0,17.0,15.0,14.0,19.0,28.0,44.0,52.0,70.0,69.0,67.0,66.0,72.0,72.0,97.0,97.0,120.0,168.0,159.0,156.0,158.0,148.0,156.0,163,1,0,0,0,0,0,0,163,10,8
12.0,17.0,29.0,32.0,21.0,17.0,15.0,14.0,19.0,28.0,44.0,52.0,70.0,69.0,67.0,66.0,72.0,72.0,97.0,97.0,120.0,168.0,159.0,156.0,158.0,148.0,156.0,163.0,159,0,0,1,0,0,0,0,159,11,8
17.0,29.0,32.0,21.0,17.0,15.0,14.0,19.0,28.0,44.0,52.0,70.0,69.0,67.0,66.0,72.0,72.0,97.0,97.0,120.0,168.0,159.0,156.0,158.0,148.0,156.0,163.0,159.0,128,0,0,0,1,0,0,0,128,12,8
29.0,32.0,21.0,17.0,15.0,14.0,19.0,28.0,44.0,52.0,70.0,69.0,67.0,66.0,72.0,72.0,97.0,97.0,120.0,168.0,159.0,156.0,158.0,148.0,156.0,163.0,159.0,128.0,174,0,1,0,0,0,0,0,174,13,8
32.0,21.0,17.0,15.0,14.0,19.0,28.0,44.0,52.0,70.0,69.0,67.0,66.0,72.0,72.0,97.0,97.0,120.0,168.0,159.0,156.0,158.0,148.0,156.0,163.0,159.0,128.0,174.0,160,0,0,0,0,0,1,0,160,14,8
21.0,17.0,15.0,14.0,19.0,28.0,44.0,52.0,70.0,69.0,67.0,66.0,72.0,72.0,97.0,97.0,120.0,168.0,159.0,156.0,158.0,148.0,156.0,163.0,159.0,128.0,174.0,160.0,169,0,0,0,0,0,0,1,169,15,8
17.0,15.0,14.0,19.0,28.0,44.0,52.0,70.0,69.0,67.0,66.0,72.0,72.0,97.0,97.0,120.0,168.0,159.0,156.0,158.0,148.0,156.0,163.0,159.0,128.0,174.0,160.0,169.0,172,0,0,0,0,1,0,0,172,16,8
15.0,14.0,19.0,28.0,44.0,52.0,70.0,69.0,67.0,66.0,72.0,72.0,97.0,97.0,120.0,168.0,159.0,156.0,158.0,148.0,156.0,163.0,159.0,128.0,174.0,160.0,169.0,172.0,175,1,0,0,0,0,0,0,175,17,8
14.0,19.0,28.0,44.0,52.0,70.0,69.0,67.0,66.0,72.0,72.0,97.0,97.0,120.0,168.0,159.0,156.0,158.0,148.0,156.0,163.0,159.0,128.0,174.0,160.0,169.0,172.0,175.0,286,0,0,1,0,0,0,0,286,18,8
19.0,28.0,44.0,52.0,70.0,69.0,67.0,66.0,72.0,72.0,97.0,97.0,120.0,168.0,159.0,156.0,158.0,148.0,156.0,163.0,159.0,128.0,174.0,160.0,169.0,172.0,175.0,286.0,311,0,0,0,1,0,0,0,311,19,8
28.0,44.0,52.0,70.0,69.0,67.0,66.0,72.0,72.0,97.0,97.0,120.0,168.0,159.0,156.0,158.0,148.0,156.0,163.0,159.0,128.0,174.0,160.0,169.0,172.0,175.0,286.0,311.0,189,0,1,0,0,0,0,0,189,20,8
44.0,52.0,70.0,69.0,67.0,66.0,72.0,72.0,97.0,97.0,120.0,168.0,159.0,156.0,158.0,148.0,156.0,163.0,159.0,128.0,174.0,160.0,169.0,172.0,175.0,286.0,311.0,189.0,161,0,0,0,0,0,1,0,161,21,8
52.0,70.0,69.0,67.0,66.0,72.0,72.0,97.0,97.0,120.0,168.0,159.0,156.0,158.0,148.0,156.0,163.0,159.0,128.0,174.0,160.0,169.0,172.0,175.0,286.0,311.0,189.0,161.0,200,0,0,0,0,0,0,1,200,22,8
70.0,69.0,67.0,66.0,72.0,72.0,97.0,97.0,120.0,168.0,159.0,156.0,158.0,148.0,156.0,163.0,159.0,128.0,174.0,160.0,169.0,172.0,175.0,286.0,311.0,189.0,161.0,200.0,180,0,0,0,0,1,0,0,180,23,8
69.0,67.0,66.0,72.0,72.0,97.0,97.0,120.0,168.0,159.0,156.0,158.0,148.0,156.0,163.0,159.0,128.0,174.0,160.0,169.0,172.0,175.0,286.0,311.0,189.0,161.0,200.0,180.0,182,1,0,0,0,0,0,0,182,24,8
67.0,66.0,72.0,72.0,97.0,97.0,120.0,168.0,159.0,156.0,158.0,148.0,156.0,163.0,159.0,128.0,174.0,160.0,169.0,172.0,175.0,286.0,311.0,189.0,161.0,200.0,180.0,182.0,187,0,0,1,0,0,0,0,187,25,8
66.0,72.0,72.0,97.0,97.0,120.0,168.0,159.0,156.0,158.0,148.0,156.0,163.0,159.0,128.0,174.0,160.0,169.0,172.0,175.0,286.0,311.0,189.0,161.0,200.0,180.0,182.0,187.0,112,0,0,0,1,0,0,0,112,26,8
72.0,72.0,97.0,97.0,120.0,168.0,159.0,156.0,158.0,148.0,156.0,163.0,159.0,128.0,174.0,160.0,169.0,172.0,175.0,286.0,311.0,189.0,161.0,200.0,180.0,182.0,187.0,112.0,65,0,1,0,0,0,0,0,65,27,8
72.0,97.0,97.0,120.0,168.0,159.0,156.0,158.0,148.0,156.0,163.0,159.0,128.0,174.0,160.0,169.0,172.0,175.0,286.0,311.0,189.0,161.0,200.0,180.0,182.0,187.0,112.0,65.0,124,0,0,0,0,0,1,0,124,28,8
97.0,97.0,120.0,168.0,159.0,156.0,158.0,148.0,156.0,163.0,159.0,128.0,174.0,160.0,169.0,172.0,175.0,286.0,311.0,189.0,161.0,200.0,180.0,182.0,187.0,112.0,65.0,124.0,101,0,0,0,0,0,0,1,101,29,8
97.0,120.0,168.0,159.0,156.0,158.0,148.0,156.0,163.0,159.0,128.0,174.0,160.0,169.0,172.0,175.0,286.0,311.0,189.0,161.0,200.0,180.0,182.0,187.0,112.0,65.0,124.0,101.0,70,0,0,0,0,1,0,0,70,30,8
120.0,168.0,159.0,156.0,158.0,148.0,156.0,163.0,159.0,128.0,174.0,160.0,169.0,172.0,175.0,286.0,311.0,189.0,161.0,200.0,180.0,182.0,187.0,112.0,65.0,124.0,101.0,70.0,63,1,0,0,0,0,0,0,63,31,8
168.0,159.0,156.0,158.0,148.0,156.0,163.0,159.0,128.0,174.0,160.0,169.0,172.0,175.0,286.0,311.0,189.0,161.0,200.0,180.0,182.0,187.0,112.0,65.0,124.0,101.0,70.0,63.0,82,0,0,1,0,0,0,0,82,1,9
159.0,156.0,158.0,148.0,156.0,163.0,159.0,128.0,174.0,160.0,169.0,172.0,175.0,286.0,311.0,189.0,161.0,200.0,180.0,182.0,187.0,112.0,65.0,124.0,101.0,70.0,63.0,82.0,151,0,0,0,1,0,0,0,151,2,9
156.0,158.0,148.0,156.0,163.0,159.0,128.0,174.0,160.0,169.0,172.0,175.0,286.0,311.0,189.0,161.0,200.0,180.0,182.0,187.0,112.0,65.0,124.0,101.0,70.0,63.0,82.0,151.0,60,0,1,0,0,0,0,0,60,3,9
158.0,148.0,156.0,163.0,159.0,128.0,174.0,160.0,169.0,172.0,175.0,286.0,311.0,189.0,161.0,200.0,180.0,182.0,187.0,112.0,65.0,124.0,101.0,70.0,63.0,82.0,151.0,60.0,153,0,0,0,0,0,1,0,153,4,9
148.0,156.0,163.0,159.0,128.0,174.0,160.0,169.0,172.0,175.0,286.0,311.0,189.0,161.0,200.0,180.0,182.0,187.0,112.0,65.0,124.0,101.0,70.0,63.0,82.0,151.0,60.0,153.0,152,0,0,0,0,0,0,1,152,5,9
156.0,163.0,159.0,128.0,174.0,160.0,169.0,172.0,175.0,286.0,311.0,189.0,161.0,200.0,180.0,182.0,187.0,112.0,65.0,124.0,101.0,70.0,63.0,82.0,151.0,60.0,153.0,152.0,162,0,0,0,0,1,0,0,162,6,9
163.0,159.0,128.0,174.0,160.0,169.0,172.0,175.0,286.0,311.0,189.0,161.0,200.0,180.0,182.0,187.0,112.0,65.0,124.0,101.0,70.0,63.0,82.0,151.0,60.0,153.0,152.0,162.0,114,1,0,0,0,0,0,0,114,7,9
159.0,128.0,174.0,160.0,169.0,172.0,175.0,286.0,311.0,189.0,161.0,200.0,180.0,182.0,187.0,112.0,65.0,124.0,101.0,70.0,63.0,82.0,151.0,60.0,153.0,152.0,162.0,114.0,52,0,0,1,0,0,0,0,52,8,9
128.0,174.0,160.0,169.0,172.0,175.0,286.0,311.0,189.0,161.0,200.0,180.0,182.0,187.0,112.0,65.0,124.0,101.0,70.0,63.0,82.0,151.0,60.0,153.0,152.0,162.0,114.0,52.0,47,0,0,0,1,0,0,0,47,9,9
174.0,160.0,169.0,172.0,175.0,286.0,311.0,189.0,161.0,200.0,180.0,182.0,187.0,112.0,65.0,124.0,101.0,70.0,63.0,82.0,151.0,60.0,153.0,152.0,162.0,114.0,52.0,47.0,29,0,1,0,0,0,0,0,29,10,9
160.0,169.0,172.0,175.0,286.0,311.0,189.0,161.0,200.0,180.0,182.0,187.0,112.0,65.0,124.0,101.0,70.0,63.0,82.0,151.0,60.0,153.0,152.0,162.0,114.0,52.0,47.0,29.0,31,0,0,0,0,0,1,0,31,11,9
169.0,172.0,175.0,286.0,311.0,189.0,161.0,200.0,180.0,182.0,187.0,112.0,65.0,124.0,101.0,70.0,63.0,82.0,151.0,60.0,153.0,152.0,162.0,114.0,52.0,47.0,29.0,31.0,37,0,0,0,0,0,0,1,37,12,9
172.0,175.0,286.0,311.0,189.0,161.0,200.0,180.0,182.0,187.0,112.0,65.0,124.0,101.0,70.0,63.0,82.0,151.0,60.0,153.0,152.0,162.0,114.0,52.0,47.0,29.0,31.0,37.0,52,0,0,0,0,1,0,0,52,13,9
175.0,286.0,311.0,189.0,161.0,200.0,180.0,182.0,187.0,112.0,65.0,124.0,101.0,70.0,63.0,82.0,151.0,60.0,153.0,152.0,162.0,114.0,52.0,47.0,29.0,31.0,37.0,52.0,66,1,0,0,0,0,0,0,66,14,9
286.0,311.0,189.0,161.0,200.0,180.0,182.0,187.0,112.0,65.0,124.0,101.0,70.0,63.0,82.0,151.0,60.0,153.0,152.0,162.0,114.0,52.0,47.0,29.0,31.0,37.0,52.0,66.0,56,0,0,1,0,0,0,0,56,15,9
311.0,189.0,161.0,200.0,180.0,182.0,187.0,112.0,65.0,124.0,101.0,70.0,63.0,82.0,151.0,60.0,153.0,152.0,162.0,114.0,52.0,47.0,29.0,31.0,37.0,52.0,66.0,56.0,55,0,0,0,1,0,0,0,55,16,9
189.0,161.0,200.0,180.0,182.0,187.0,112.0,65.0,124.0,101.0,70.0,63.0,82.0,151.0,60.0,153.0,152.0,162.0,114.0,52.0,47.0,29.0,31.0,37.0,52.0,66.0,56.0,55.0,29,0,1,0,0,0,0,0,29,17,9
161.0,200.0,180.0,182.0,187.0,112.0,65.0,124.0,101.0,70.0,63.0,82.0,151.0,60.0,153.0,152.0,162.0,114.0,52.0,47.0,29.0,31.0,37.0,52.0,66.0,56.0,55.0,29.0,40,0,0,0,0,0,1,0,40,18,9
200.0,180.0,182.0,187.0,112.0,65.0,124.0,101.0,70.0,63.0,82.0,151.0,60.0,153.0,152.0,162.0,114.0,52.0,47.0,29.0,31.0,37.0,52.0,66.0,56.0,55.0,29.0,40.0,36,0,0,0,0,0,0,1,36,19,9
180.0,182.0,187.0,112.0,65.0,124.0,101.0,70.0,63.0,82.0,151.0,60.0,153.0,152.0,162.0,114.0,52.0,47.0,29.0,31.0,37.0,52.0,66.0,56.0,55.0,29.0,40.0,36.0,23,0,0,0,0,1,0,0,23,20,9
182.0,187.0,112.0,65.0,124.0,101.0,70.0,63.0,82.0,151.0,60.0,153.0,152.0,162.0,114.0,52.0,47.0,29.0,31.0,37.0,52.0,66.0,56.0,55.0,29.0,40.0,36.0,23.0,34,1,0,0,0,0,0,0,34,21,9
187.0,112.0,65.0,124.0,101.0,70.0,63.0,82.0,151.0,60.0,153.0,152.0,162.0,114.0,52.0,47.0,29.0,31.0,37.0,52.0,66.0,56.0,55.0,29.0,40.0,36.0,23.0,34.0,26,0,0,1,0,0,0,0,26,22,9
112.0,65.0,124.0,101.0,70.0,63.0,82.0,151.0,60.0,153.0,152.0,162.0,114.0,52.0,47.0,29.0,31.0,37.0,52.0,66.0,56.0,55.0,29.0,40.0,36.0,23.0,34.0,26.0,11,0,0,0,1,0,0,0,11,23,9
65.0,124.0,101.0,70.0,63.0,82.0,151.0,60.0,153.0,152.0,162.0,114.0,52.0,47.0,29.0,31.0,37.0,52.0,66.0,56.0,55.0,29.0,40.0,36.0,23.0,34.0,26.0,11.0,30,0,1,0,0,0,0,0,30,24,9
124.0,101.0,70.0,63.0,82.0,151.0,60.0,153.0,152.0,162.0,114.0,52.0,47.0,29.0,31.0,37.0,52.0,66.0,56.0,55.0,29.0,40.0,36.0,23.0,34.0,26.0,11.0,30.0,32,0,0,0,0,0,1,0,32,25,9
101.0,70.0,63.0,82.0,151.0,60.0,153.0,152.0,162.0,114.0,52.0,47.0,29.0,31.0,37.0,52.0,66.0,56.0,55.0,29.0,40.0,36.0,23.0,34.0,26.0,11.0,30.0,32.0,41,0,0,0,0,0,0,1,41,26,9
70.0,63.0,82.0,151.0,60.0,153.0,152.0,162.0,114.0,52.0,47.0,29.0,31.0,37.0,52.0,66.0,56.0,55.0,29.0,40.0,36.0,23.0,34.0,26.0,11.0,30.0,32.0,41.0,29,0,0,0,0,1,0,0,29,27,9
63.0,82.0,151.0,60.0,153.0,152.0,162.0,114.0,52.0,47.0,29.0,31.0,37.0,52.0,66.0,56.0,55.0,29.0,40.0,36.0,23.0,34.0,26.0,11.0,30.0,32.0,41.0,29.0,31,1,0,0,0,0,0,0,31,28,9
82.0,151.0,60.0,153.0,152.0,162.0,114.0,52.0,47.0,29.0,31.0,37.0,52.0,66.0,56.0,55.0,29.0,40.0,36.0,23.0,34.0,26.0,11.0,30.0,32.0,41.0,29.0,31.0,32,0,0,1,0,0,0,0,32,29,9
151.0,60.0,153.0,152.0,162.0,114.0,52.0,47.0,29.0,31.0,37.0,52.0,66.0,56.0,55.0,29.0,40.0,36.0,23.0,34.0,26.0,11.0,30.0,32.0,41.0,29.0,31.0,32.0,23,0,0,0,1,0,0,0,23,30,9
60.0,153.0,152.0,162.0,114.0,52.0,47.0,29.0,31.0,37.0,52.0,66.0,56.0,55.0,29.0,40.0,36.0,23.0,34.0,26.0,11.0,30.0,32.0,41.0,29.0,31.0,32.0,23.0,27,0,1,0,0,0,0,0,27,1,10
153.0,152.0,162.0,114.0,52.0,47.0,29.0,31.0,37.0,52.0,66.0,56.0,55.0,29.0,40.0,36.0,23.0,34.0,26.0,11.0,30.0,32.0,41.0,29.0,31.0,32.0,23.0,27.0,22,0,0,0,0,0,1,0,22,2,10
152.0,162.0,114.0,52.0,47.0,29.0,31.0,37.0,52.0,66.0,56.0,55.0,29.0,40.0,36.0,23.0,34.0,26.0,11.0,30.0,32.0,41.0,29.0,31.0,32.0,23.0,27.0,22.0,57,0,0,0,0,0,0,1,57,3,10
162.0,114.0,52.0,47.0,29.0,31.0,37.0,52.0,66.0,56.0,55.0,29.0,40.0,36.0,23.0,34.0,26.0,11.0,30.0,32.0,41.0,29.0,31.0,32.0,23.0,27.0,22.0,57.0,28,0,0,0,0,1,0,0,28,4,10
114.0,52.0,47.0,29.0,31.0,37.0,52.0,66.0,56.0,55.0,29.0,40.0,36.0,23.0,34.0,26.0,11.0,30.0,32.0,41.0,29.0,31.0,32.0,23.0,27.0,22.0,57.0,28.0,43,1,0,0,0,0,0,0,43,5,10
52.0,47.0,29.0,31.0,37.0,52.0,66.0,56.0,55.0,29.0,40.0,36.0,23.0,34.0,26.0,11.0,30.0,32.0,41.0,29.0,31.0,32.0,23.0,27.0,22.0,57.0,28.0,43.0,33,0,0,1,0,0,0,0,33,6,10
47.0,29.0,31.0,37.0,52.0,66.0,56.0,55.0,29.0,40.0,36.0,23.0,34.0,26.0,11.0,30.0,32.0,41.0,29.0,31.0,32.0,23.0,27.0,22.0,57.0,28.0,43.0,33.0,46,0,0,0,1,0,0,0,46,7,10
29.0,31.0,37.0,52.0,66.0,56.0,55.0,29.0,40.0,36.0,23.0,34.0,26.0,11.0,30.0,32.0,41.0,29.0,31.0,32.0,23.0,27.0,22.0,57.0,28.0,43.0,33.0,46.0,52,0,1,0,0,0,0,0,52,8,10
31.0,37.0,52.0,66.0,56.0,55.0,29.0,40.0,36.0,23.0,34.0,26.0,11.0,30.0,32.0,41.0,29.0,31.0,32.0,23.0,27.0,22.0,57.0,28.0,43.0,33.0,46.0,52.0,22,0,0,0,0,0,1,0,22,9,10
37.0,52.0,66.0,56.0,55.0,29.0,40.0,36.0,23.0,34.0,26.0,11.0,30.0,32.0,41.0,29.0,31.0,32.0,23.0,27.0,22.0,57.0,28.0,43.0,33.0,46.0,52.0,22.0,38,0,0,0,0,0,0,1,38,10,10
52.0,66.0,56.0,55.0,29.0,40.0,36.0,23.0,34.0,26.0,11.0,30.0,32.0,41.0,29.0,31.0,32.0,23.0,27.0,22.0,57.0,28.0,43.0,33.0,46.0,52.0,22.0,38.0,39,0,0,0,0,1,0,0,39,11,10
66.0,56.0,55.0,29.0,40.0,36.0,23.0,34.0,26.0,11.0,30.0,32.0,41.0,29.0,31.0,32.0,23.0,27.0,22.0,57.0,28.0,43.0,33.0,46.0,52.0,22.0,38.0,39.0,36,1,0,0,0,0,0,0,36,12,10
56.0,55.0,29.0,40.0,36.0,23.0,34.0,26.0,11.0,30.0,32.0,41.0,29.0,31.0,32.0,23.0,27.0,22.0,57.0,28.0,43.0,33.0,46.0,52.0,22.0,38.0,39.0,36.0,20,0,0,1,0,0,0,0,20,13,10
55.0,29.0,40.0,36.0,23.0,34.0,26.0,11.0,30.0,32.0,41.0,29.0,31.0,32.0,23.0,27.0,22.0,57.0,28.0,43.0,33.0,46.0,52.0,22.0,38.0,39.0,36.0,20.0,29,0,0,0,1,0,0,0,29,14,10
29.0,40.0,36.0,23.0,34.0,26.0,11.0,30.0,32.0,41.0,29.0,31.0,32.0,23.0,27.0,22.0,57.0,28.0,43.0,33.0,46.0,52.0,22.0,38.0,39.0,36.0,20.0,29.0,53,0,1,0,0,0,0,0,53,15,10
40.0,36.0,23.0,34.0,26.0,11.0,30.0,32.0,41.0,29.0,31.0,32.0,23.0,27.0,22.0,57.0,28.0,43.0,33.0,46.0,52.0,22.0,38.0,39.0,36.0,20.0,29.0,53.0,59,0,0,0,0,0,1,0,59,16,10
36.0,23.0,34.0,26.0,11.0,30.0,32.0,41.0,29.0,31.0,32.0,23.0,27.0,22.0,57.0,28.0,43.0,33.0,46.0,52.0,22.0,38.0,39.0,36.0,20.0,29.0,53.0,59.0,65,0,0,0,0,0,0,1,65,17,10
23.0,34.0,26.0,11.0,30.0,32.0,41.0,29.0,31.0,32.0,23.0,27.0,22.0,57.0,28.0,43.0,33.0,46.0,52.0,22.0,38.0,39.0,36.0,20.0,29.0,53.0,59.0,65.0,64,0,0,0,0,1,0,0,64,18,10
34.0,26.0,11.0,30.0,32.0,41.0,29.0,31.0,32.0,23.0,27.0,22.0,57.0,28.0,43.0,33.0,46.0,52.0,22.0,38.0,39.0,36.0,20.0,29.0,53.0,59.0,65.0,64.0,68,1,0,0,0,0,0,0,68,19,10
26.0,11.0,30.0,32.0,41.0,29.0,31.0,32.0,23.0,27.0,22.0,57.0,28.0,43.0,33.0,46.0,52.0,22.0,38.0,39.0,36.0,20.0,29.0,53.0,59.0,65.0,64.0,68.0,66,0,0,1,0,0,0,0,66,20,10
11.0,30.0,32.0,41.0,29.0,31.0,32.0,23.0,27.0,22.0,57.0,28.0,43.0,33.0,46.0,52.0,22.0,38.0,39.0,36.0,20.0,29.0,53.0,59.0,65.0,64.0,68.0,66.0,58,0,0,0,1,0,0,0,58,21,10
30.0,32.0,41.0,29.0,31.0,32.0,23.0,27.0,22.0,57.0,28.0,43.0,33.0,46.0,52.0,22.0,38.0,39.0,36.0,20.0,29.0,53.0,59.0,65.0,64.0,68.0,66.0,58.0,62,0,1,0,0,0,0,0,62,22,10
32.0,41.0,29.0,31.0,32.0,23.0,27.0,22.0,57.0,28.0,43.0,33.0,46.0,52.0,22.0,38.0,39.0,36.0,20.0,29.0,53.0,59.0,65.0,64.0,68.0,66.0,58.0,62.0,70,0,0,0,0,0,1,0,70,23,10
41.0,29.0,31.0,32.0,23.0,27.0,22.0,57.0,28.0,43.0,33.0,46.0,52.0,22.0,38.0,39.0,36.0,20.0,29.0,53.0,59.0,65.0,64.0,68.0,66.0,58.0,62.0,70.0,58,0,0,0,0,0,0,1,58,24,10
29.0,31.0,32.0,23.0,27.0,22.0,57.0,28.0,43.0,33.0,46.0,52.0,22.0,38.0,39.0,36.0,20.0,29.0,53.0,59.0,65.0,64.0,68.0,66.0,58.0,62.0,70.0,58.0,52,0,0,0,0,1,0,0,52,25,10
31.0,32.0,23.0,27.0,22.0,57.0,28.0,43.0,33.0,46.0,52.0,22.0,38.0,39.0,36.0,20.0,29.0,53.0,59.0,65.0,64.0,68.0,66.0,58.0,62.0,70.0,58.0,52.0,47,1,0,0,0,0,0,0,47,26,10
32.0,23.0,27.0,22.0,57.0,28.0,43.0,33.0,46.0,52.0,22.0,38.0,39.0,36.0,20.0,29.0,53.0,59.0,65.0,64.0,68.0,66.0,58.0,62.0,70.0,58.0,52.0,47.0,45,0,0,1,0,0,0,0,45,27,10
23.0,27.0,22.0,57.0,28.0,43.0,33.0,46.0,52.0,22.0,38.0,39.0,36.0,20.0,29.0,53.0,59.0,65.0,64.0,68.0,66.0,58.0,62.0,70.0,58.0,52.0,47.0,45.0,15,0,0,0,1,0,0,0,15,28,10
27.0,22.0,57.0,28.0,43.0,33.0,46.0,52.0,22.0,38.0,39.0,36.0,20.0,29.0,53.0,59.0,65.0,64.0,68.0,66.0,58.0,62.0,70.0,58.0,52.0,47.0,45.0,15.0,22,0,1,0,0,0,0,0,22,29,10
22.0,57.0,28.0,43.0,33.0,46.0,52.0,22.0,38.0,39.0,36.0,20.0,29.0,53.0,59.0,65.0,64.0,68.0,66.0,58.0,62.0,70.0,58.0,52.0,47.0,45.0,15.0,22.0,24,0,0,0,0,0,1,0,24,30,10
57.0,28.0,43.0,33.0,46.0,52.0,22.0,38.0,39.0,36.0,20.0,29.0,53.0,59.0,65.0,64.0,68.0,66.0,58.0,62.0,70.0,58.0,52.0,47.0,45.0,15.0,22.0,24.0,25,0,0,0,0,0,0,1,25,31,10
28.0,43.0,33.0,46.0,52.0,22.0,38.0,39.0,36.0,20.0,29.0,53.0,59.0,65.0,64.0,68.0,66.0,58.0,62.0,70.0,58.0,52.0,47.0,45.0,15.0,22.0,24.0,25.0,53,0,0,0,0,1,0,0,53,1,11
43.0,33.0,46.0,52.0,22.0,38.0,39.0,36.0,20.0,29.0,53.0,59.0,65.0,64.0,68.0,66.0,58.0,62.0,70.0,58.0,52.0,47.0,45.0,15.0,22.0,24.0,25.0,53.0,23,1,0,0,0,0,0,0,23,2,11
33.0,46.0,52.0,22.0,38.0,39.0,36.0,20.0,29.0,53.0,59.0,65.0,64.0,68.0,66.0,58.0,62.0,70.0,58.0,52.0,47.0,45.0,15.0,22.0,24.0,25.0,53.0,23.0,35,0,0,1,0,0,0,0,35,3,11
46.0,52.0,22.0,38.0,39.0,36.0,20.0,29.0,53.0,59.0,65.0,64.0,68.0,66.0,58.0,62.0,70.0,58.0,52.0,47.0,45.0,15.0,22.0,24.0,25.0,53.0,23.0,35.0,14,0,0,0,1,0,0,0,14,4,11
52.0,22.0,38.0,39.0,36.0,20.0,29.0,53.0,59.0,65.0,64.0,68.0,66.0,58.0,62.0,70.0,58.0,52.0,47.0,45.0,15.0,22.0,24.0,25.0,53.0,23.0,35.0,14.0,53,0,1,0,0,0,0,0,53,5,11
22.0,38.0,39.0,36.0,20.0,29.0,53.0,59.0,65.0,64.0,68.0,66.0,58.0,62.0,70.0,58.0,52.0,47.0,45.0,15.0,22.0,24.0,25.0,53.0,23.0,35.0,14.0,53.0,52,0,0,0,0,0,1,0,52,6,11
38.0,39.0,36.0,20.0,29.0,53.0,59.0,65.0,64.0,68.0,66.0,58.0,62.0,70.0,58.0,52.0,47.0,45.0,15.0,22.0,24.0,25.0,53.0,23.0,35.0,14.0,53.0,52.0,32,0,0,0,0,0,0,1,32,7,11
39.0,36.0,20.0,29.0,53.0,59.0,65.0,64.0,68.0,66.0,58.0,62.0,70.0,58.0,52.0,47.0,45.0,15.0,22.0,24.0,25.0,53.0,23.0,35.0,14.0,53.0,52.0,32.0,61,0,0,0,0,1,0,0,61,8,11
36.0,20.0,29.0,53.0,59.0,65.0,64.0,68.0,66.0,58.0,62.0,70.0,58.0,52.0,47.0,45.0,15.0,22.0,24.0,25.0,53.0,23.0,35.0,14.0,53.0,52.0,32.0,61.0,128,1,0,0,0,0,0,0,128,9,11
20.0,29.0,53.0,59.0,65.0,64.0,68.0,66.0,58.0,62.0,70.0,58.0,52.0,47.0,45.0,15.0,22.0,24.0,25.0,53.0,23.0,35.0,14.0,53.0,52.0,32.0,61.0,128.0,74,0,0,1,0,0,0,0,74,10,11
29.0,53.0,59.0,65.0,64.0,68.0,66.0,58.0,62.0,70.0,58.0,52.0,47.0,45.0,15.0,22.0,24.0,25.0,53.0,23.0,35.0,14.0,53.0,52.0,32.0,61.0,128.0,74.0,65,0,0,0,1,0,0,0,65,11,11
53.0,59.0,65.0,64.0,68.0,66.0,58.0,62.0,70.0,58.0,52.0,47.0,45.0,15.0,22.0,24.0,25.0,53.0,23.0,35.0,14.0,53.0,52.0,32.0,61.0,128.0,74.0,65.0,72,0,1,0,0,0,0,0,72,12,11
59.0,65.0,64.0,68.0,66.0,58.0,62.0,70.0,58.0,52.0,47.0,45.0,15.0,22.0,24.0,25.0,53.0,23.0,35.0,14.0,53.0,52.0,32.0,61.0,128.0,74.0,65.0,72.0,75,0,0,0,0,0,1,0,75,13,11
65.0,64.0,68.0,66.0,58.0,62.0,70.0,58.0,52.0,47.0,45.0,15.0,22.0,24.0,25.0,53.0,23.0,35.0,14.0,53.0,52.0,32.0,61.0,128.0,74.0,65.0,72.0,75.0,62,0,0,0,0,0,0,1,62,14,11
64.0,68.0,66.0,58.0,62.0,70.0,58.0,52.0,47.0,45.0,15.0,22.0,24.0,25.0,53.0,23.0,35.0,14.0,53.0,52.0,32.0,61.0,128.0,74.0,65.0,72.0,75.0,62.0,60,0,0,0,0,1,0,0,60,15,11
68.0,66.0,58.0,62.0,70.0,58.0,52.0,47.0,45.0,15.0,22.0,24.0,25.0,53.0,23.0,35.0,14.0,53.0,52.0,32.0,61.0,128.0,74.0,65.0,72.0,75.0,62.0,60.0,38,1,0,0,0,0,0,0,38,16,11
66.0,58.0,62.0,70.0,58.0,52.0,47.0,45.0,15.0,22.0,24.0,25.0,53.0,23.0,35.0,14.0,53.0,52.0,32.0,61.0,128.0,74.0,65.0,72.0,75.0,62.0,60.0,38.0,42,0,0,1,0,0,0,0,42,17,11
58.0,62.0,70.0,58.0,52.0,47.0,45.0,15.0,22.0,24.0,25.0,53.0,23.0,35.0,14.0,53.0,52.0,32.0,61.0,128.0,74.0,65.0,72.0,75.0,62.0,60.0,38.0,42.0,61,0,0,0,1,0,0,0,61,18,11
62.0,70.0,58.0,52.0,47.0,45.0,15.0,22.0,24.0,25.0,53.0,23.0,35.0,14.0,53.0,52.0,32.0,61.0,128.0,74.0,65.0,72.0,75.0,62.0,60.0,38.0,42.0,61.0,69,0,1,0,0,0,0,0,69,19,11
70.0,58.0,52.0,47.0,45.0,15.0,22.0,24.0,25.0,53.0,23.0,35.0,14.0,53.0,52.0,32.0,61.0,128.0,74.0,65.0,72.0,75.0,62.0,60.0,38.0,42.0,61.0,69.0,74,0,0,0,0,0,1,0,74,20,11
58.0,52.0,47.0,45.0,15.0,22.0,24.0,25.0,53.0,23.0,35.0,14.0,53.0,52.0,32.0,61.0,128.0,74.0,65.0,72.0,75.0,62.0,60.0,38.0,42.0,61.0,69.0,74.0,75,0,0,0,0,0,0,1,75,21,11
52.0,47.0,45.0,15.0,22.0,24.0,25.0,53.0,23.0,35.0,14.0,53.0,52.0,32.0,61.0,128.0,74.0,65.0,72.0,75.0,62.0,60.0,38.0,42.0,61.0,69.0,74.0,75.0,62,0,0,0,0,1,0,0,62,22,11
47.0,45.0,15.0,22.0,24.0,25.0,53.0,23.0,35.0,14.0,53.0,52.0,32.0,61.0,128.0,74.0,65.0,72.0,75.0,62.0,60.0,38.0,42.0,61.0,69.0,74.0,75.0,62.0,48,1,0,0,0,0,0,0,48,23,11
45.0,15.0,22.0,24.0,25.0,53.0,23.0,35.0,14.0,53.0,52.0,32.0,61.0,128.0,74.0,65.0,72.0,75.0,62.0,60.0,38.0,42.0,61.0,69.0,74.0,75.0,62.0,48.0,64,0,0,1,0,0,0,0,64,24,11
15.0,22.0,24.0,25.0,53.0,23.0,35.0,14.0,53.0,52.0,32.0,61.0,128.0,74.0,65.0,72.0,75.0,62.0,60.0,38.0,42.0,61.0,69.0,74.0,75.0,62.0,48.0,64.0,59,0,0,0,1,0,0,0,59,25,11
22.0,24.0,25.0,53.0,23.0,35.0,14.0,53.0,52.0,32.0,61.0,128.0,74.0,65.0,72.0,75.0,62.0,60.0,38.0,42.0,61.0,69.0,74.0,75.0,62.0,48.0,64.0,59.0,59,0,1,0,0,0,0,0,59,26,11
24.0,25.0,53.0,23.0,35.0,14.0,53.0,52.0,32.0,61.0,128.0,74.0,65.0,72.0,75.0,62.0,60.0,38.0,42.0,61.0,69.0,74.0,75.0,62.0,48.0,64.0,59.0,59.0,51,0,0,0,0,0,1,0,51,27,11
25.0,53.0,23.0,35.0,14.0,53.0,52.0,32.0,61.0,128.0,74.0,65.0,72.0,75.0,62.0,60.0,38.0,42.0,61.0,69.0,74.0,75.0,62.0,48.0,64.0,59.0,59.0,51.0,52,0,0,0,0,0,0,1,52,28,11
53.0,23.0,35.0,14.0,53.0,52.0,32.0,61.0,128.0,74.0,65.0,72.0,75.0,62.0,60.0,38.0,42.0,61.0,69.0,74.0,75.0,62.0,48.0,64.0,59.0,59.0,51.0,52.0,58,0,0,0,0,1,0,0,58,29,11
23.0,35.0,14.0,53.0,52.0,32.0,61.0,128.0,74.0,65.0,72.0,75.0,62.0,60.0,38.0,42.0,61.0,69.0,74.0,75.0,62.0,48.0,64.0,59.0,59.0,51.0,52.0,58.0,54,1,0,0,0,0,0,0,54,30,11
35.0,14.0,53.0,52.0,32.0,61.0,128.0,74.0,65.0,72.0,75.0,62.0,60.0,38.0,42.0,61.0,69.0,74.0,75.0,62.0,48.0,64.0,59.0,59.0,51.0,52.0,58.0,54.0,57,0,0,1,0,0,0,0,57,1,12
14.0,53.0,52.0,32.0,61.0,128.0,74.0,65.0,72.0,75.0,62.0,60.0,38.0,42.0,61.0,69.0,74.0,75.0,62.0,48.0,64.0,59.0,59.0,51.0,52.0,58.0,54.0,57.0,37,0,0,0,1,0,0,0,37,2,12
53.0,52.0,32.0,61.0,128.0,74.0,65.0,72.0,75.0,62.0,60.0,38.0,42.0,61.0,69.0,74.0,75.0,62.0,48.0,64.0,59.0,59.0,51.0,52.0,58.0,54.0,57.0,37.0,45,0,1,0,0,0,0,0,45,3,12
52.0,32.0,61.0,128.0,74.0,65.0,72.0,75.0,62.0,60.0,38.0,42.0,61.0,69.0,74.0,75.0,62.0,48.0,64.0,59.0,59.0,51.0,52.0,58.0,54.0,57.0,37.0,45.0,41,0,0,0,0,0,1,0,41,4,12
32.0,61.0,128.0,74.0,65.0,72.0,75.0,62.0,60.0,38.0,42.0,61.0,69.0,74.0,75.0,62.0,48.0,64.0,59.0,59.0,51.0,52.0,58.0,54.0,57.0,37.0,45.0,41.0,37,0,0,0,0,0,0,1,37,5,12
61.0,128.0,74.0,65.0,72.0,75.0,62.0,60.0,38.0,42.0,61.0,69.0,74.0,75.0,62.0,48.0,64.0,59.0,59.0,51.0,52.0,58.0,54.0,57.0,37.0,45.0,41.0,37.0,53,0,0,0,0,1,0,0,53,6,12
128.0,74.0,65.0,72.0,75.0,62.0,60.0,38.0,42.0,61.0,69.0,74.0,75.0,62.0,48.0,64.0,59.0,59.0,51.0,52.0,58.0,54.0,57.0,37.0,45.0,41.0,37.0,53.0,64,1,0,0,0,0,0,0,64,7,12
74.0,65.0,72.0,75.0,62.0,60.0,38.0,42.0,61.0,69.0,74.0,75.0,62.0,48.0,64.0,59.0,59.0,51.0,52.0,58.0,54.0,57.0,37.0,45.0,41.0,37.0,53.0,64.0,73,0,0,1,0,0,0,0,73,8,12
65.0,72.0,75.0,62.0,60.0,38.0,42.0,61.0,69.0,74.0,75.0,62.0,48.0,64.0,59.0,59.0,51.0,52.0,58.0,54.0,57.0,37.0,45.0,41.0,37.0,53.0,64.0,73.0,79,0,0,0,1,0,0,0,79,9,12
72.0,75.0,62.0,60.0,38.0,42.0,61.0,69.0,74.0,75.0,62.0,48.0,64.0,59.0,59.0,51.0,52.0,58.0,54.0,57.0,37.0,45.0,41.0,37.0,53.0,64.0,73.0,79.0,46,0,1,0,0,0,0,0,46,10,12
75.0,62.0,60.0,38.0,42.0,61.0,69.0,74.0,75.0,62.0,48.0,64.0,59.0,59.0,51.0,52.0,58.0,54.0,57.0,37.0,45.0,41.0,37.0,53.0,64.0,73.0,79.0,46.0,38,0,0,0,0,0,1,0,38,11,12
62.0,60.0,38.0,42.0,61.0,69.0,74.0,75.0,62.0,48.0,64.0,59.0,59.0,51.0,52.0,58.0,54.0,57.0,37.0,45.0,41.0,37.0,53.0,64.0,73.0,79.0,46.0,38.0,59,0,0,0,0,0,0,1,59,12,12
60.0,38.0,42.0,61.0,69.0,74.0,75.0,62.0,48.0,64.0,59.0,59.0,51.0,52.0,58.0,54.0,57.0,37.0,45.0,41.0,37.0,53.0,64.0,73.0,79.0,46.0,38.0,59.0,68,0,0,0,0,1,0,0,68,13,12
38.0,42.0,61.0,69.0,74.0,75.0,62.0,48.0,64.0,59.0,59.0,51.0,52.0,58.0,54.0,57.0,37.0,45.0,41.0,37.0,53.0,64.0,73.0,79.0,46.0,38.0,59.0,68.0,58,1,0,0,0,0,0,0,58,14,12
42.0,61.0,69.0,74.0,75.0,62.0,48.0,64.0,59.0,59.0,51.0,52.0,58.0,54.0,57.0,37.0,45.0,41.0,37.0,53.0,64.0,73.0,79.0,46.0,38.0,59.0,68.0,58.0,71,0,0,1,0,0,0,0,71,15,12
61.0,69.0,74.0,75.0,62.0,48.0,64.0,59.0,59.0,51.0,52.0,58.0,54.0,57.0,37.0,45.0,41.0,37.0,53.0,64.0,73.0,79.0,46.0,38.0,59.0,68.0,58.0,71.0,65,0,0,0,1,0,0,0,65,16,12
69.0,74.0,75.0,62.0,48.0,64.0,59.0,59.0,51.0,52.0,58.0,54.0,57.0,37.0,45.0,41.0,37.0,53.0,64.0,73.0,79.0,46.0,38.0,59.0,68.0,58.0,71.0,65.0,66,0,1,0,0,0,0,0,66,17,12
74.0,75.0,62.0,48.0,64.0,59.0,59.0,51.0,52.0,58.0,54.0,57.0,37.0,45.0,41.0,37.0,53.0,64.0,73.0,79.0,46.0,38.0,59.0,68.0,58.0,71.0,65.0,66.0,44,0,0,0,0,0,1,0,44,18,12
75.0,62.0,48.0,64.0,59.0,59.0,51.0,52.0,58.0,54.0,57.0,37.0,45.0,41.0,37.0,53.0,64.0,73.0,79.0,46.0,38.0,59.0,68.0,58.0,71.0,65.0,66.0,44.0,56,0,0,0,0,0,0,1,56,19,12
62.0,48.0,64.0,59.0,59.0,51.0,52.0,58.0,54.0,57.0,37.0,45.0,41.0,37.0,53.0,64.0,73.0,79.0,46.0,38.0,59.0,68.0,58.0,71.0,65.0,66.0,44.0,56.0,56,0,0,0,0,1,0,0,56,20,12
48.0,64.0,59.0,59.0,51.0,52.0,58.0,54.0,57.0,37.0,45.0,41.0,37.0,53.0,64.0,73.0,79.0,46.0,38.0,59.0,68.0,58.0,71.0,65.0,66.0,44.0,56.0,56.0,56,1,0,0,0,0,0,0,56,21,12
64.0,59.0,59.0,51.0,52.0,58.0,54.0,57.0,37.0,45.0,41.0,37.0,53.0,64.0,73.0,79.0,46.0,38.0,59.0,68.0,58.0,71.0,65.0,66.0,44.0,56.0,56.0,56.0,64,0,0,1,0,0,0,0,64,22,12
59.0,59.0,51.0,52.0,58.0,54.0,57.0,37.0,45.0,41.0,37.0,53.0,64.0,73.0,79.0,46.0,38.0,59.0,68.0,58.0,71.0,65.0,66.0,44.0,56.0,56.0,56.0,64.0,55,0,0,0,1,0,0,0,55,23,12
59.0,51.0,52.0,58.0,54.0,57.0,37.0,45.0,41.0,37.0,53.0,64.0,73.0,79.0,46.0,38.0,59.0,68.0,58.0,71.0,65.0,66.0,44.0,56.0,56.0,56.0,64.0,55.0,51,0,1,0,0,0,0,0,51,24,12
51.0,52.0,58.0,54.0,57.0,37.0,45.0,41.0,37.0,53.0,64.0,73.0,79.0,46.0,38.0,59.0,68.0,58.0,71.0,65.0,66.0,44.0,56.0,56.0,56.0,64.0,55.0,51.0,53,0,0,0,0,0,1,0,53,25,12
52.0,58.0,54.0,57.0,37.0,45.0,41.0,37.0,53.0,64.0,73.0,79.0,46.0,38.0,59.0,68.0,58.0,71.0,65.0,66.0,44.0,56.0,56.0,56.0,64.0,55.0,51.0,53.0,60,0,0,0,0,0,0,1,60,26,12
58.0,54.0,57.0,37.0,45.0,41.0,37.0,53.0,64.0,73.0,79.0,46.0,38.0,59.0,68.0,58.0,71.0,65.0,66.0,44.0,56.0,56.0,56.0,64.0,55.0,51.0,53.0,60.0,60,0,0,0,0,1,0,0,60,27,12
54.0,57.0,37.0,45.0,41.0,37.0,53.0,64.0,73.0,79.0,46.0,38.0,59.0,68.0,58.0,71.0,65.0,66.0,44.0,56.0,56.0,56.0,64.0,55.0,51.0,53.0,60.0,60.0,64,1,0,0,0,0,0,0,64,28,12
57.0,37.0,45.0,41.0,37.0,53.0,64.0,73.0,79.0,46.0,38.0,59.0,68.0,58.0,71.0,65.0,66.0,44.0,56.0,56.0,56.0,64.0,55.0,51.0,53.0,60.0,60.0,64.0,57,0,0,1,0,0,0,0,57,29,12
37.0,45.0,41.0,37.0,53.0,64.0,73.0,79.0,46.0,38.0,59.0,68.0,58.0,71.0,65.0,66.0,44.0,56.0,56.0,56.0,64.0,55.0,51.0,53.0,60.0,60.0,64.0,57.0,54,0,0,0,1,0,0,0,54,30,12
45.0,41.0,37.0,53.0,64.0,73.0,79.0,46.0,38.0,59.0,68.0,58.0,71.0,65.0,66.0,44.0,56.0,56.0,56.0,64.0,55.0,51.0,53.0,60.0,60.0,64.0,57.0,54.0,55,0,1,0,0,0,0,0,55,31,12
